Gaia DR3                              RA         DEC   Gmag  Bp-Rp  Voff(km/s) Sep(deg)   3D(pc) Vr(pred)  Vr(obs)    Vrerr Plx(mas)  SpT    FnuvJ  W1-W3    RUWE  XCrate RVsrc 
Gaia DR3 1485436090253564928 211.0092117  38.6183331 16.023  2.591       0.000   0.0000   0.0000    -1.75      nan      nan    6.074 M3.3      nan   0.39   1.031     nan                                None
Gaia DR3 1485436090253565056 211.0095880  38.6202475 14.997  2.260       0.578   0.0019   0.8736    -1.75   -19.82     3.65    6.107 M2.1 0.000187   0.39   1.046     nan                            Gaia DR3
Gaia DR3 1495906327168028800 210.2788392  38.2189684  9.766  0.677       2.220   0.6978   2.0734    -1.48   -30.72     0.20    6.094 F7.3 0.015588   0.01   0.995     nan                            Gaia DR3
Gaia DR3 1483861349084200832 211.2155363  38.0474703 16.594  2.689       4.057   0.5934   4.2521    -1.97      nan      nan    5.934 M3.5      nan    nan   1.013     nan                                None
Gaia DR3 1482979364663562880 210.2336230  35.4575017 18.622  3.387       1.169   3.2209   9.2990    -2.01      nan      nan    6.119 M5.1      nan    nan   0.991     nan                                None
Gaia DR3 1498163040424489216 213.2464828  41.4300503 13.121  1.496       4.723   3.2923   9.4713    -2.19   -16.78     1.71    6.105 K5.2      nan   0.07   1.067     nan                            Gaia DR3
Gaia DR3 1484523392523565184 215.0117629  37.5820236 15.250  2.343       4.954   3.3155   9.6091    -3.87      nan      nan    6.037 M2.5      nan   0.17   2.368     nan                                None
Gaia DR3 1485839233063912576 214.2403213  40.0610045 16.194  2.746       4.918   2.8852  10.1312    -2.94      nan      nan    5.874 M3.6      nan    nan   1.077     nan                                None
Gaia DR3 1496898292814641920 208.1552814  39.0456104 18.019  2.841       3.470   2.2638  10.5949    -0.31      nan      nan    5.785 M3.8      nan   2.39   0.970     nan                                None
Gaia DR3 1498296489352379904 211.6116678  41.2241415 19.426  3.294       3.965   2.6464  11.0238    -1.49      nan      nan    6.391 M4.8      nan    nan   1.012     nan                                None
Gaia DR3 1484715154222882176 215.4556570  38.4755702 16.840  2.519       1.450   3.4801  11.2309    -3.87      nan      nan    5.901 M3.1 0.001613    nan   1.049     nan                                None
Gaia DR3 1495943603187647232 210.7904402  38.5889689 18.031  3.097       4.088   0.1735  11.7646    -1.65      nan      nan    5.669 M4.3      nan    nan   1.050     nan                                None
Gaia DR3 1485605037086973696 212.4448498  39.9140244 17.119  2.975       3.534   1.7071  11.9604    -2.15      nan      nan    6.508 M4.1 0.002775    nan   1.065     nan                                None
Gaia DR3 1485381630068427520 212.1558011  38.5042733 19.277  3.110       3.833   0.9038  12.1361    -2.32      nan      nan    5.667 M4.4      nan    nan   1.167     nan                                None
Gaia DR3 1499036430613832320 209.6109174  42.4653546 14.672  2.096       4.601   3.9909  12.2838    -0.33   -17.15     3.07    6.258 M1.0      nan   0.06   1.360     nan                            Gaia DR3
Gaia DR3 1492124690066440576 214.2727318  41.5216968 12.505  1.315       4.341   3.8291  12.4643    -2.63    -4.72     0.87    5.878 K4.0 0.000196   0.16  11.727     nan                            Gaia DR3
Gaia DR3 1484280125574191360 213.4503557  37.2942473 19.727  3.270       4.409   2.3361  12.7466    -3.19      nan      nan    6.508 M4.8      nan    nan   1.136     nan                                None
Gaia DR3 1482868696242858752 209.5999823  34.9615258 17.334  2.742       4.032   3.8268  12.8139    -1.79      nan      nan    5.853 M3.6      nan    nan   1.001     nan                                None
Gaia DR3 1498835391784358272 210.2896320  42.3156406 14.115  2.191       4.121   3.7376  13.6643    -0.67    22.31     1.96    6.418 M1.6      nan   0.16   3.064     nan                            Gaia DR3
Gaia DR3 1498284433380024576 212.9043291  42.3407880  6.641  1.093       3.896   3.9915  13.7446    -1.83   -18.00     0.63    5.820 K2.0 0.000599    nan   5.804     nan                            Gaia DR3
Gaia DR3 1483730743422695552 209.7246926  36.9644954 17.864  3.469       4.488   1.9405  13.7925    -1.46      nan      nan    6.582 M5.2 0.000861    nan   1.016     nan                                None
Gaia DR3 1484715149927519104 215.4546011  38.4759720 19.485  0.691       2.380   3.4793  14.2815    -3.87      nan      nan    5.730 F7.9 0.001613    nan   1.019     nan                                None
Gaia DR3 1472178007246719872 205.7438579  36.5531554 18.729  3.210       4.195   4.6545  14.5890     0.42      nan      nan    6.320 M4.6      nan    nan   1.038     nan                                None
Gaia DR3 1483261943448626816 209.6655902  36.2545247 17.559  2.618       4.982   2.5933  14.9135    -1.57      nan      nan    6.599 M3.3      nan    nan   1.000     nan                                None
Gaia DR3 1500146726903131904 205.1309265  40.7286733 17.861  2.980       4.776   4.9910  15.5166     1.42      nan      nan    5.883 M4.1      nan    nan   1.026     nan                                None
Gaia DR3 1496419004528177280 206.3551030  38.0240003 18.441  3.398       2.949   3.6990  15.5701     0.38      nan      nan    5.692 M5.1 0.001117    nan   1.057     nan                                None
Gaia DR3 1499592195085533824 210.2631477  44.1006431 17.861  3.065       3.931   5.5108  15.8230    -0.29      nan      nan    6.126 M4.3      nan    nan   0.971     nan                                None
Gaia DR3 1500776098526886656 205.9624402  42.6821303 15.067  2.139       4.413   5.5814  16.8078     1.36     1.76     3.98    5.919 M1.3      nan   0.23   1.039     nan                            Gaia DR3
Gaia DR3 1501549050904814720 205.5170920  43.0317871 15.255  2.440       2.688   6.0595  17.3797     1.62    -6.66     3.25    6.116 M2.8      nan   0.15   4.205     nan                            Gaia DR3
Gaia DR3 1492367823871751168 214.7276533  42.9946570 15.288  2.357       1.665   5.2020  18.2026    -2.49   -26.84     4.17    5.735 M2.5      nan   0.23   0.986     nan                            Gaia DR3
Gaia DR3 1492783301826659968 215.6993146  43.8724296 15.984  2.422       1.726   6.3253  18.2052    -2.70      nan      nan    6.054 M2.8      nan   0.29   1.410     nan                                None
Gaia DR3 1480321467102320640 217.8424581  35.5722907 19.607  0.092       4.955   6.2413  18.4025    -5.69      nan      nan    5.955 A2.9      nan    nan   0.968     nan                                None
Gaia DR3 1480432449056994560 218.0158073  36.0812111 20.098  0.578       4.747   6.1182  18.4337    -5.65      nan      nan    6.327 F4.8      nan    nan   1.039     nan                                None
Gaia DR3 1481608204944713600 217.0092575  38.1179191 19.041  3.333       1.414   4.7299  18.9060    -4.68      nan      nan    6.626 M4.9      nan    nan   1.132     nan                                None
Gaia DR3 1497079295619655040 209.0195521  40.1772309 12.219  1.226       2.614   2.1894  18.9830    -0.50   -14.44     0.44    6.821 K3.2 0.000355  -0.05   1.110     nan                            Gaia DR3
Gaia DR3 1492602668387363200 216.9564374  43.3654483 19.640  0.335       4.294   6.5300  19.0221    -3.36      nan      nan    5.991 A9.8      nan    nan   0.988     nan                                None
Gaia DR3 1472020948882929920 204.4574625  36.4071963 14.915  2.145       4.134   5.6460  19.2770     1.04   -42.86     4.29    5.738 M1.3      nan    nan   1.057     nan                            Gaia DR3
Gaia DR3 1485447635125667840 211.3075409  38.9567394 11.045  0.863       4.974   0.4106  19.3020    -1.82    -4.64     0.85    5.438 G5.7 0.004352   0.03  10.648     nan                            Gaia DR3
Gaia DR3 1495238751811070976 208.5011792  36.3970661 19.580  0.423       4.866   2.9817  19.5084    -0.97      nan      nan    5.496 F0.7      nan    nan   0.957     nan                                None
Gaia DR3 1479643038364982528 217.6110928  34.5065610 14.464  2.423       2.015   6.7069  19.7163    -5.84     1.08     3.56    6.284 M2.8 0.000155   0.29   1.909     nan                            Gaia DR3
Gaia DR3 1500525478595413504 207.4006361  42.3935634 18.119  2.966       3.693   4.6659  19.7322     0.66      nan      nan    5.600 M4.0      nan    nan   1.072     nan                                None
Gaia DR3 1471684395245593344 203.9010958  35.4140452 14.151  1.809       1.855   6.5148  19.7452     1.16     8.38     1.62    5.883 K7.8      nan  -0.15   1.098     nan                            Gaia DR3
Gaia DR3 1505681707093180928 210.4679182  44.7226984 17.277  3.017       4.197   6.1177  19.7825    -0.26      nan      nan    6.470 M4.2      nan    nan   0.987     nan                                None
Gaia DR3 1501256859986247168 203.9412777  42.1192331 10.995  0.854       4.779   6.4195  19.8962     2.20   -22.48     0.30    5.843 G5.3 0.003569  -0.01   0.970     nan                            Gaia DR3
Gaia DR3 1454545478573546752 210.6367480  31.7651555 18.456  3.032       4.305   6.8599  20.0256    -2.95      nan      nan    6.263 M4.2      nan    nan   1.031     nan                                None
Gaia DR3 1503246254478330880 206.4787961  44.7614440 17.053  2.824       3.159   7.0102  20.1249     1.49      nan      nan    6.163 M3.7      nan    nan   0.994     nan                                None
Gaia DR3 1477734801573927040 213.5735126  32.6011321 13.376  1.641       2.906   6.3673  20.3175    -4.28   -16.72     1.69    6.464 K5.7 0.000136   0.14   0.988     nan                            Gaia DR3
Gaia DR3 1502771987009431168 209.3965856  45.3862636 14.107  2.159       3.194   6.8728  20.7129     0.34     5.19     4.51    5.888 M1.4 0.000083   0.11   1.100     nan                            Gaia DR3
Gaia DR3 1500822243655510400 206.0845717  43.2788323 15.502  2.567       4.011   5.9604  20.7498     1.41   -22.24     6.48    6.580 M3.2      nan    nan   1.063     nan                            Gaia DR3
Gaia DR3 1498453242774449536 212.1006648  42.2057147 14.672  2.022       4.233   3.6823  21.1336    -1.50   -10.34     3.48    5.477 M0.7 0.000212   0.23   1.179     nan                            Gaia DR3
Gaia DR3 1485768555082148736 214.6115662  39.6253925 16.757  2.716       2.641   2.9704  21.2508    -3.21      nan      nan    5.439 M3.5      nan    nan   1.085     nan                                None
Gaia DR3 1498453002256280832 212.1034686  42.1942445 11.553  0.944       4.244   3.6716  21.3016    -1.51    -8.64     0.50    5.470 G8.9 0.002197   0.11   1.093     nan                            Gaia DR3
Gaia DR3 1492783301828583808 215.6992969  43.8726422 15.830  2.437       1.834   6.3255  21.3103    -2.70      nan      nan    5.720 M2.8      nan   0.29   1.593     nan                                None
Gaia DR3 1503237080428679040 206.3727988  44.5429781 17.110  2.306       4.318   6.8622  21.4224     1.50      nan      nan    6.453 M2.3 0.000376  -0.01   1.005     nan                                None
Gaia DR3 1472543629222668288 205.3685717  37.4378007 13.603  1.606       0.835   4.5965  21.6251     0.76   -23.67     1.24    5.518 K5.5      nan   0.15   1.003     nan                            Gaia DR3
Gaia DR3 1470738093691680000 204.5651802  34.0252449 17.954  3.093       2.096   6.9286  21.7406     0.60      nan      nan    5.805 M4.3      nan    nan   0.988     nan                                None
Gaia DR3 1454230816384668416 210.7434212  31.1419425 15.894  2.799       4.169   7.4796  21.7707    -3.12      nan      nan    5.986 M3.7      nan   0.47   1.070     nan                                None
Gaia DR3 1489655741002954112 220.3478013  40.9241910 16.738  2.747       4.503   7.5345  21.7762    -5.46      nan      nan    6.237 M3.6 0.000645    nan   1.012     nan                                None
Gaia DR3 1478131038081079424 214.4376531  32.8506969 13.611  1.801       1.273   6.4026  21.8323    -4.66   -20.78     1.93    6.588 K7.7 0.000265   0.25   1.503     nan                            Gaia DR3
Gaia DR3 1503227116104066432 206.5866509  44.4865239 18.133  3.413       4.651   6.7346  21.9589     1.39      nan      nan    6.535 M5.1      nan    nan   1.067     nan                                None
Gaia DR3 1491530717565780352 218.6385817  42.4073153 16.969  3.007       4.448   6.9239  22.0128    -4.33      nan      nan    6.497 M4.1 0.001222    nan   1.018     nan                                None
Gaia DR3 1498240590353876608 212.5219754  41.7767134 11.208  0.846       2.070   3.3629  22.0265    -1.78   -11.26     0.39    5.431 G4.6 0.004470   0.08   1.056     nan                            Gaia DR3
Gaia DR3 1486782678463540096 220.7359056  37.7625927 16.037  2.684       3.632   7.6888  22.0780    -6.48      nan      nan    6.187 M3.5      nan    nan   1.038     nan                                None
Gaia DR3 1502935092687304704 207.4877779  45.6967110 12.326  1.230       4.093   7.5423  22.1505     1.22    -6.62     0.78    6.316 K3.2 0.000320   0.08   1.365     nan                            Gaia DR3
Gaia DR3 1498371535316815488 211.5146905  41.7487587 17.595  2.972       3.639   3.1541  22.2371    -1.33      nan      nan    6.941 M4.0      nan    nan   1.016     nan                                None
Gaia DR3 1502648425093694336 208.6925659  44.7952903 20.031  3.088       2.471   6.4137  22.2669     0.53      nan      nan    5.677 M4.3      nan    nan   1.126     nan                                None
Gaia DR3 1469280583653171968 204.1315766  33.9769817 17.951  3.154       1.316   7.2257  22.6609     0.81      nan      nan    5.796 M4.5      nan    nan   0.975     nan                                None
Gaia DR3 1477366740056323328 214.9575624  31.3029837 17.468    nan       3.013   7.9968  22.9833    -5.26      nan      nan    6.207  nan 0.000705    nan   1.083   0.050                                None
Gaia DR3 1503164821898479232 205.3024185  44.0772686  8.887  0.704       2.080   6.9355  23.2950     1.89   -13.68     0.14    6.610 F8.5 0.007954  -0.04   1.053     nan                            Gaia DR3
Gaia DR3 1457237323556493312 207.7083810  31.2481758 18.391  3.213       4.805   7.8496  23.3855    -1.52      nan      nan    5.899 M4.6      nan    nan   1.070     nan                                None
Gaia DR3 1498578484020381184 209.4039054  40.4278330 15.506  2.563       2.136   2.1925  23.4877    -0.63      nan      nan    5.344 M3.2      nan   0.32   1.692     nan                                None
Gaia DR3 1477366735761158400 214.9580447  31.3031408 17.270  3.060       3.219   7.9968  23.5487    -5.26      nan      nan    5.935 M4.3 0.000705    nan   1.368   0.050                                None
Gaia DR3 1453803587397907968 210.2254530  30.3478282 16.593  2.557       2.531   8.2956  23.7946    -3.01      nan      nan    6.086 M3.2      nan    nan   1.426     nan                                None
Gaia DR3 1453498472921088000 211.8913618  30.8586423 16.871  2.885       3.050   7.7934  23.8586    -3.78      nan      nan    6.464 M3.9 0.000401    nan   1.540     nan                                None
Gaia DR3 1478131038081571456 214.4414444  32.8532763 19.487  2.895       1.665   6.4016  23.9794    -4.66      nan      nan    6.749 M3.9      nan    nan   1.071     nan                                None
Gaia DR3 1506509055233672192 216.1520896  45.6987000 14.179  1.950       1.717   8.0372  24.1677    -2.44   -15.79     1.95    5.869 M0.5      nan   0.07   5.849     nan                            Gaia DR3
Gaia DR3 1524664225591138176 200.6653505  40.1661017 15.033  2.120       2.416   8.1374  24.2386     3.45    26.99     2.67    6.398 M1.2 0.000134   0.36   1.110     nan                            Gaia DR3
Gaia DR3 1457008010957934336 207.4579478  30.6704462 15.692  2.316       1.700   8.4658  24.3018    -1.49      nan      nan    6.075 M2.4      nan    nan   1.076     nan                                None
Gaia DR3 1500485964896324224 207.1623341  41.7384048 17.547  3.254       3.872   4.2855  24.3211     0.65      nan      nan    6.984 M4.7      nan    nan   1.260     nan                                None
Gaia DR3 1476710125457210624 201.8950032  39.3818331 13.356  1.563       4.115   7.1210  24.3479     2.75     4.87     0.96    5.661 K5.4 0.000848  -0.02   1.048     nan                            Gaia DR3
Gaia DR3 1499838210812485248 205.3751452  40.1541072 20.147  2.683       3.650   4.6163  24.4843     1.21      nan      nan    6.968 M3.5 0.002417    nan   1.046     nan                                None
Gaia DR3 1490744223154309632 217.0911527  39.6343995 17.981  0.081       2.690   4.8252  24.5471    -4.34      nan      nan    6.955 A2.5      nan    nan   0.983     nan                                None
Gaia DR3 1488956073650029056 221.6022011  41.0577275 11.481  0.964       2.754   8.4855  24.6458    -5.96   -17.44     0.44    5.989 G9.4 0.001759   0.00   0.915     nan                            Gaia DR3
Gaia DR3 1524586190328856704 199.8927967  39.8099156 18.912  3.185       2.825   8.6891  24.9690     3.77      nan      nan    6.062 M4.6      nan    nan   1.038     nan                                None
