1728.970585	-15.94690719 2.101872744	1 0.4120434703	3.277085383 1.507126741	0.09051115928 0.5743955268	1.080939002 0.03195561895	0.03552081499 0.03436902842	-0.2422442386 0.1547487304	42.21216552	90 85 5
1730.401242	-17.38449892 18.54691717	1 0.5	5 2	-0.02959462262 0.9952675442	0.9817651636 0.02491943617	0.02576133141 0.04496267592	0.09943309047 0.119940103	30.94214587	86 85 6
1731.642882	-13.60291595 1.358463473	1 0.5	1.734837063 0.615663947	-0.6779749459 0.7913676649	1.092514124 0.03061275495	-0.05274448278 0.05150534552	-0.1308824244 0.1331424643	46.94706651	87 85 7
1732.98554	-13.79039234 1.05519498	1.551312531 0.5	3.646581084 1.392777368	-0.01099798114 0.9918938881	1.033627077 0.02229245137	-0.07096523224 0.07237498239	0.1257069971 0.1737763092	70.8220861	82 85 8
1734.273606	-14.79390318 1.149797848	1 0.5	1 1.029623487	-0.07070200856 1.011247854	1.10209233 0.02322379421	-0.05472672481 0.04108219198	-0.3102863856 0.1396858158	65.90249661	97 85 9
1735.495565	-15.74178646 3.85870202	1 0.5	1.256909685 0.328782899	0.4395080893 0.9789590527	1.06432236 0.03091274518	-0.009528970569 0.06474803982	-0.3150602768 0.1951239476	29.21734427	73 85 10
1736.642009	-11.93178759 2.391657164	1 0.5	2.480393818 1.079215421	-0.913675377 0.6934415396	1.038167676 0.0424682147	0.02836864517 0.04263139349	0.2369458861 0.2074086955	35.40677546	89 85 11
1737.745502	-17.84394158 4.524259492	1 0.5	2.289374333 2	0.1735856469 0.9949670377	1.047867293 0.03135417128	-0.06750354796 0.07200822915	-0.07340407506 0.2667496355	38.71210881	97 85 12
1707.274104	-14.1244633 1.74595342	1.120701071 0.5	4.753834051 1.160674633	-0.04239206692 0.6908628619	1.02835613 0.03214673657	0.03625629185 0.04545792182	0.05506775271 0.1130092606	43.83685561	84 86 4
1708.811715	-13.06110358 3.081521901	1 0.5	2.095716051 0.6796995428	0.08323431595 0.69248674	1.071629576 0.02879056132	-0.05168757806 0.03553563153	-0.2226285639 0.1097818116	53.3302393	99 86 5
1710.191305	-15.3360828 0.8711609015	1 0.4618493546	1 2	-0.1671436551 0.9761623521	1.077988659 0.0205936301	-0.005920909426 0.03788822594	-0.2534442276 0.09243780397	98.82209795	95 86 6
1711.558811	-10.01105251 2.19361622	1.683008037 0.5	5 2	-0.1082333571 0.9704853665	1.071479873 0.02137929919	-0.1100811456 0.04179529341	0.03908506781 0.1195319185	54.48238606	92 86 7
1712.956429	-11.57903754 2.418082006	1 0.5	5 2	0.001666071923 0.9673605974	1.014821003 0.0198004458	-0.03163732607 0.04923153362	-0.0459264254 0.1355978004	30.61550296	83 86 8
1714.090275	-13.2021668 5.833463576	1 0.5	3.101079292 1.248719282	-0.1208961687 0.510393027	1.033325233 0.02394028645	-0.03619923922 0.04517532433	0.1120768598 0.1225852474	43.34397157	97 86 9
1715.311302	-17.80130105 4.467403918	1 0.5	3.447351836 2	-0.1446307812 1.030056717	1.011003324 0.02143115145	0.07171238756 0.04599378427	-0.04367913638 0.1315496371	31.59923776	100 86 10
1716.477272	15.98183862 19.58837593	1 0.4389533334	5 1.813052567	-0.2470216499 0.8277317007	1.048650306 0.0226398316	0.02972706134 0.05312409132	-0.1811200927 0.168884076	38.34884524	93 86 11
1717.548437	-3.798756494 0.9122282322	1 0.5	1 2	-0.2838393245 0.9901050246	1.052961165 0.02213601581	0.05031623781 0.04320622469	-0.1259435107 0.1673800772	219.2185918	96 86 12
1718.55857	-12.67568261 1.204893883	1.091657021 0.5	2.480589001 2	-0.09777291615 0.9494031579	1.006663318 0.02819760951	0.06993193898 0.07204626813	0.5385355714 0.2631735363	58.34178398	91 86 13
1719.571172	-16.21946995 13.49073149	1.459982035 0.5	1 2	-0.009311595409 0.9921784989	1.022455212 0.02945984636	-0.005848860757 0.07726493934	0.03035423091 0.2972668959	39.02868499	94 86 14
1686.21091	-12.34199407 7.158464905	1.85252679 0.5	2.671638662 2	-0.04532848115 1.047172589	1.011349987 0.03286547618	-0.02173299092 0.05781732432	-0.02968617183 0.1369088556	46.90533522	99 87 3
1687.742009	-14.51295515 1.407073276	2 0.5	4.313760609 2	-0.1025369816 0.9338072305	1.044906958 0.02739444392	-0.06500233103 0.04285884132	-0.06182625782 0.118553041	42.66332162	91 87 4
1689.142828	-13.72284348 1.4658454	1 0.5	5 2	0.06754180036 1.00001722	1.057876829 0.02156128746	0.04121038716 0.03562238867	-0.1823303068 0.08995974388	70.59713682	97 87 5
1690.572591	-13.42682303 0.9934140379	1.260588354 0.5	2.273112874 0.8221050084	-0.01863165157 0.8873683295	1.05921715 0.02897904635	-0.03731583369 0.03606882021	0.04191295099 0.112750917	68.97936521	79 87 6
1691.888183	-12.40480231 1.99781376	1 0.5	2.890084809 1.562587182	0.4197170833 0.9223511271	1.026091841 0.02029196285	0.03386570988 0.03619901656	0.01735113529 0.1136681853	46.18702426	96 87 7
1693.166225	-21.48106992 27.73747204	1.313093791 0.5	3.080633867 2	0.01210425073 1.032005634	0.9841250396 0.01986734576	0.01587933131 0.04481647947	0.05680884335 0.1074627229	34.99282576	101 87 8
1694.404742	17.54832803 3.512451797	1.042158119 0.4669321121	2.415809066 1.664590038	0.04890916394 1.060747023	1.046394265 0.02019307019	0.05479343462 0.03756196596	-0.07505561199 0.1178728621	58.6238541	99 87 9
1695.633998	18.01764724 20.5938015	1.290707929 0.5	3.598728425 2	0.08545016543 0.9636968195	0.9868339992 0.0216680374	0.03426012019 0.04122756305	-0.01569669042 0.1279745251	46.81870514	89 87 10
1696.724809	-12.42559087 3.586651529	1 0.5	1.196199164 0.6784870614	-0.1367187917 0.90427395	1.049056432 0.02117003268	-0.004370594989 0.06086107702	-0.09802173047 0.153315358	45.54758737	101 87 11
1697.805659	-14.09781113 4.006838581	1.253813207 0.5	1.069831972 0.9351755394	-0.3093771588 0.9977354633	0.9933424355 0.02266704207	0.08095999138 0.05192896817	0.3437068915 0.1921673961	32.5096363	96 87 12
1698.833397	-15.04930531 9.093079246	1.697186735 0.5	2.580402577 2	0.08357172987 0.9598184584	0.9794973826 0.02202338567	-0.05370925024 0.05573083396	0.1768301631 0.2099133291	58.53484297	97 87 13
1699.799106	-13.74726542 4.469539836	1.508710679 0.5	3.485016065 1.362711152	0.004983124403 0.7481853305	1.03141598 0.0285530418	-0.08946554192 0.06381683282	0.01647035869 0.3037743433	37.74337891	98 87 14
1700.654328	3.337655028 3.954779191	1 0.5	5 1.538211629	-0.1820114867 0.8134187747	0.9925612334 0.03074698887	0.08721144483 0.09989376883	0.2946239855 0.3492933773	42.85029898	83 87 15
1667.073153	-12.48946588 2.571677984	1.091921519 0.5	2.720550151 2	-0.2888800194 0.9710710539	1.006301862 0.02940385519	-0.05408589538 0.04620250224	-0.1450853863 0.1121962308	33.08586103	88 88 3
1668.426505	-5.026232959 7.857334051	2 0.5	4.391681195 1.96470841	0.03951160587 0.9907856586	1.023534971 0.02771411232	-0.03147316023 0.04675047583	0.09198069646 0.127177837	27.01775838	82 88 4
1669.895555	-12.73993548 8.690031825	1 0.5	1.853903063 1.719902626	0.1344193549 1.01388137	0.9969794748 0.02190806884	-0.06165369019 0.04538454115	-0.004141271007 0.1062395001	36.84547485	82 88 5
1671.387718	-15.16302603 2.071597344	1.875358443 0.5	5 1.185201324	-0.3674679251 0.880961201	0.9938094005 0.02102854314	0.0719026226 0.04307350153	0.2468841262 0.1116676037	71.73151021	81 88 6
1672.592412	-15.0824961 1.44431808	1.722992647 0.5	2.444281536 2	-0.05004349011 0.9944964304	1.074174824 0.02456895802	-0.06926580837 0.0467490611	-0.2682684239 0.1434373281	56.70169586	75 88 7
1673.929712	-15.70467748 2.555101914	1 0.5	1 2	0.05761488116 0.9740145521	0.9800393801 0.02171368328	-0.06040322352 0.04215518654	0.08269273564 0.1613824234	36.86606956	79 88 8
1675.066397	-15.41294817 1.240602107	1 0.5	1.650342161 1.001725384	0.1628407101 0.9941748151	1.034436496 0.0249053553	0.1191368973 0.04325860659	0.06024472777 0.1505869051	53.33952271	84 88 9
1676.276211	-13.59911362 2.412273071	1 0.5	3.574838256 1.217790486	0.1893327761 0.9734381332	0.9810074183 0.02117967475	0.02508455887 0.0482665694	0.2917189626 0.1288936963	28.86322057	81 88 10
1677.410687	-63.95058859 31.33534875	1 0.5	3.369929133 2	0.04178980767 0.8734315363	0.9923466814 0.02234398041	0.09707408414 0.04672978677	0.06112128025 0.1659343135	36.622632	93 88 11
1678.511142	-15.71348451 5.0392532	1 0.5	1 2	0.09341383714 0.9987807581	1.002919257 0.02292804876	-0.03331055584 0.04779537205	-0.001063014626 0.1796486538	39.52273745	100 88 12
1679.54687	0.5341355216 17.2122102	1 0.5	1 2	0.1237152665 1.030950541	0.99147753 0.02398026057	0.1520559364 0.06526596061	0.318421158 0.2238686725	38.07376415	89 88 13
1680.501867	-49.67568179 13.50343657	1 0.5	2.545934624 2	-0.002265498169 0.9542333494	1.030083411 0.03070982798	0.0875113824 0.07581326784	-0.2318747756 0.2922456209	44.65664053	81 88 14
1646.761446	-12.64155884 3.919636539	1.143458025 0.5	3.461635568 2	0.1058210155 0.9525887379	0.9851233079 0.02793378846	-0.06076746352 0.04383805951	0.1473481451 0.1077603618	46.42360025	98 89 2
1648.42125	-15.06924259 9.277371782	1.512007233 0.5	3.424584713 2	0.3270068331 1.135427962	1.025810229 0.02788398671	-0.01259485814 0.06058822713	-0.03398574601 0.1356485267	33.39142588	81 89 3
1649.678633	-8.400305372 4.269802082	1 0.5	1.120495527 2	0.00396478385 1.044217563	1.010423641 0.023047483	0.0324005132 0.04408920636	0.07122316177 0.1065855414	25.53103096	88 89 4
1651.18425	-15.93638273 2.974695159	1.006055912 0.5	2.014860013 2	0.174643761 0.902200287	1.022936092 0.02367569086	-0.02736744251 0.03330679982	0.02643147615 0.1026693675	43.89942945	95 89 5
1652.523036	-13.78655281 1.16711511	1.500139921 0.5	2.339561724 1.332496737	0.4056569848 0.9203343498	0.9960535096 0.01794329502	0.03591626239 0.0343967311	0.1211236963 0.09284922913	61.3234188	95 89 6
1653.861872	-14.29556679 1.069922631	1 0.5	2.414914638 1.416566085	-0.2542671486 0.9109709128	1.009168006 0.02083186979	-0.01831895215 0.03494774991	0.09749393037 0.1057603809	54.90389722	90 89 7
1655.045318	-14.20825882 2.010363641	1.451035742 0.5	2.530356803 2	0.0347238947 0.9959042796	1.008160223 0.01877976142	-0.008154872534 0.03569814365	0.166755918 0.10407749	42.05195501	92 89 8
1656.283734	-7.847288609 3.118103038	1.771116498 0.5	5 2	-0.3812323221 0.8518487363	1.005264179 0.0187434987	0.03130806608 0.03989887245	0.06323057009 0.1165005092	50.28151373	91 89 9
1657.479558	-11.71488118 6.205437417	1 0.5	1.94032619 2	-0.08445658256 1.047203041	0.9883724654 0.01996812231	0.04210944218 0.03919737916	0.1960539507 0.1283566385	46.83338605	100 89 10
1658.540448	-14.69292478 1.417611318	1.3464814 0.5	4.165910544 2	0.01031137652 0.9982351986	1.02542643 0.02324474827	0.04670404035 0.05092902362	-0.1065702403 0.1808663672	41.91161378	90 89 11
1659.678719	-22.78831425 10.42959462	1.02389365 0.5	4.667835368 2	-0.1311284436 0.8566212635	1.000591919 0.02360283915	-0.05213440076 0.05253756919	-0.01003053386 0.210021205	28.98999362	92 89 12
1660.620839	-15.37747828 1.16051571	1.472917479 0.5	4.406658469 2	-0.03274991896 1.060133162	1.051457499 0.02623684797	0.1805180032 0.05631772615	-0.2410118981 0.2467872998	52.47828939	94 89 13
1661.629319	-11.74406738 2.750882636	1 0.5	3.024905502 1.183757989	0.04982990175 0.9795709261	1.017902298 0.02574596533	-0.08505666759 0.07791889273	-0.2217563253 0.3468503426	38.57713074	95 89 14
1662.522839	91.96659036 47.23674603	2 0.5	2.995162761 2	0.05612317004 1.0279897	0.9662786569 0.03156268289	0.09095154595 0.08885167115	0.5773980733 0.3626062271	30.43106339	93 89 15
1628.488372	-13.40738029 9.520944868	1.753611886 0.5	1 2	0.06322394321 1.064917164	0.9975774244 0.03309183162	-0.01224148095 0.05355253293	0.0912028711 0.132782573	23.66418493	90 90 2
1629.872133	-13.53013219 4.349234886	1.379238672 0.5	1 2	0.06215830017 0.9623967557	0.9952917976 0.02551852617	-0.02858371065 0.04346438803	0.1447661324 0.1169770417	42.98591027	88 90 3
1631.308545	-10.17897722 2.49662409	1.56119326 0.5	2.391359193 2	-0.05092129618 0.9900457701	1.002673096 0.02648383968	-0.07105201589 0.0657901969	0.2280274291 0.1398178074	33.11772227	75 90 4
1632.800359	-13.93007693 2.527833518	1.545419242 0.5	5 2	-0.1437417769 0.9820198281	0.9980595558 0.02052543004	-0.007482137649 0.03261406851	0.124560025 0.1018318568	42.42693872	100 90 5
1634.102271	-16.58377221 1.999788849	1.365720781 0.5	3.134692722 2	0.05879665682 0.9841506938	0.9936353003 0.0197713574	-0.007020229106 0.03323501848	0.161227434 0.09809264776	41.55622518	84 90 6
1635.512492	-13.52678329 0.7709928156	1.363008648 0.4378157098	5 2	0.2105299804 0.9914226847	1.042966335 0.02190350315	0.07999783882 0.05415495932	0.07446633584 0.134524701	40.76144838	67 90 7
1636.717015	-13.31770552 1.108479663	1.544971748 0.5	3.62076636 2	0.04736845817 1.01477661	1.005551048 0.02229248452	-0.05519274018 0.03838485911	0.1440489463 0.132364533	55.33836959	88 90 8
1637.940285	-14.75528118 2.180647048	1.497517232 0.5	4.052519621 2	-0.1803457135 0.9155913737	1.021717953 0.02046787487	-0.01121359812 0.03607912644	-0.1208565816 0.123129828	40.29743414	94 90 9
1639.121322	-16.23006413 4.288157449	1 0.5	1 2	-0.01118166998 1.046158335	1.020092015 0.0216943769	-0.03505685795 0.05291609368	0.003446870982 0.1502475068	38.52069658	86 90 10
1640.109202	-11.16931617 4.774723879	1 0.5	5 2	-0.4984370689 0.9358837913	1.012691162 0.02323824695	0.0146885604 0.05223598861	0.2951038187 0.1776541326	73.2941608	90 90 11
1641.179321	-12.47752209 2.138183511	1 0.5	1.939146813 2	-0.3414395489 1.058178472	1.028432955 0.02487717835	-0.03842523668 0.05478515442	0.1049094086 0.2153079657	35.7021487	87 90 12
1642.186907	-11.68107885 11.52111697	1 0.5	2.154928472 2	-0.1229540483 0.9719559216	0.9827104964 0.02338223892	0.06236194614 0.0630876617	0.2874146524 0.2076948183	32.46125489	94 90 13
1643.184312	-35.03540388 11.78888451	1.387409483 0.5	1.336729349 2	-0.5075051387 0.8436825959	1.03472554 0.02691765807	-0.1049326409 0.06573681974	-0.07021932415 0.2838989315	60.91809954	92 90 14
1643.995567	-9.486836687 3.843390742	1.555279468 0.498532054	5 2	-0.2128406868 0.9489205062	1.027503315 0.03425034669	0.01390844785 0.07674042856	-0.3086289277 0.3518351684	44.89446585	74 90 15
1610.576467	-12.89466099 5.867360737	1 0.5	1.030967462 2	-0.06327016625 0.9575685104	1.03524925 0.03145059942	0.005609688703 0.05535125182	0.03143308714 0.1289936965	30.11781077	85 91 2
1612.054521	-10.71384146 12.85859904	1.252920587 0.5	4.650454962 2	-0.2955669718 0.8606351701	0.9888224514 0.02440738637	-0.01563738821 0.04431795119	0.0173450576 0.1059877006	34.77426219	87 91 3
1613.538552	-12.64998459 1.733695622	1.104706744 0.5	5 2	-0.1585119737 0.9513958957	1.044458411 0.0249567288	0.03929816776 0.04768336724	0.03543983336 0.1516956515	31.88072713	81 91 4
1614.846035	-15.98590548 1.630016854	1 0.5	1 2	-0.1614145381 0.9564756581	1.013074509 0.02174188504	-0.00545012722 0.03566501832	-0.004300027289 0.1069060954	41.72187895	99 91 5
1616.220338	-13.96308257 1.71448394	1.839314622 0.5	5 2	0.02740214033 0.9283765084	1.054045592 0.02223898451	-0.03927422724 0.03285831116	-0.02898300612 0.1033454438	32.53323404	90 91 6
1617.473088	-14.27780982 2.067603559	1.053365492 0.5	1.747736777 2	0.05057677854 1.019135631	0.9906543324 0.01608600582	-0.04321709142 0.03088451914	-0.008576365733 0.08584584412	47.66928017	99 91 7
1618.713056	-16.7036231 3.288642683	1.573440209 0.5	3.820830115 2	-0.1154707281 1.023501339	1.001921796 0.01644358304	0.02144610926 0.03658555992	0.09708299675 0.09639551111	41.73703705	100 91 8
1619.946337	-14.71511193 0.9298852501	2 0.5	1 2	0.04529446382 1.065740379	1.066247497 0.02249321163	0.03492788311 0.04145873363	-0.02114926448 0.1416066817	50.47189104	89 91 9
1621.032795	-13.02461422 1.000783826	1.780895065 0.5	3.458266996 2	-0.05926701577 1.002870975	1.036754926 0.02371790726	-0.00891606755 0.03887534331	-0.1152135365 0.1553270217	70.2997591	95 91 10
1622.122525	-15.33983482 0.8635734238	2 0.5	2.810980069 2	0.03224666101 1.008497248	1.06501853 0.0241839417	0.1828731892 0.03554513876	-0.2555923924 0.1629082181	220.5650543	94 91 11
1623.067288	-34.68248821 9.566561533	1.511059927 0.5	5 2	-0.02315612086 1.011875196	1.094128049 0.02210074565	-0.02690594544 0.06708470903	-0.4167586867 0.2198267139	194.5056723	78 91 12
1624.140086	-4.694590702 7.953291421	1.151157359 0.5	2.717042898 2	0.1178014488 0.9628188832	0.9489709001 0.02011185875	0.1150734101 0.06026407806	0.9636735829 0.2455650835	68.6214518	92 91 13
1625.093822	-14.9011567 0.7532445028	1.137779091 0.5	2.627736859 2	0.01831862778 1.021336469	1.038396108 0.02502117128	-0.01134346722 0.06592340215	-0.1739851279 0.2581688405	55.91036206	92 91 14
1625.970446	-15.32430814 1.388553458	1 0.5	5 2	0.04313156698 0.9896725814	1.061355885 0.02973599258	-0.093195802 0.06339716951	0.02001444783 0.3338754768	72.52524853	97 91 15
1592.999612	-13.66464484 1.679360708	1.639192906 0.5	3.875729744 1.307639167	0.01011022882 1.022401404	0.977460715 0.02409526817	-0.1278524909 0.01992426372	0.1632524248 0.0621244193	48.60785043	86 92 2
1594.491639	-15.12246676 1.99141356	2 0.5	3.030068588 1.498027785	-0.005476375269 1.037376831	1.023928125 0.02414969231	-0.006584099302 0.03827489011	0.04109898074 0.1099989269	29.24148611	95 92 3
1595.923316	-12.03642445 14.1748604	2 0.5	5 2	0.05200112564 0.9881662377	1.004264367 0.01983574715	-0.042788119 0.03665793325	-0.07112743387 0.09439252009	40.78432155	97 92 4
1597.195046	-14.52822683 2.57848019	1 0.5	2.952650591 1.993532704	-0.09065980184 1.021368967	1.063783058 0.02503233838	0.05916652249 0.04402820663	-0.2816960818 0.1173375534	33.73710442	87 92 5
1598.619344	-12.45331345 2.103760587	1 0.5	2.859005152 2	-0.1906606737 1.025200525	1.02241038 0.01932450128	0.01910539579 0.03290810271	0.0008370351305 0.1008328551	51.62302254	97 92 6
1599.86071	-15.47345164 5.141367945	1.610331347 0.5	3.010381928 2	-0.3565927674 0.737529989	1.012333718 0.01865705227	-0.06605272467 0.03115954415	0.1279306187 0.1034405489	31.37462936	87 92 7
1601.100588	-15.14706023 2.01288228	1.608170218 0.5	2.755881395 2	-0.5088582205 0.8225664557	1.046599954 0.01784393725	0.03284102145 0.03672533099	-0.08370596899 0.09917918836	37.20316713	80 92 8
1602.30089	-0.01872764464 1.466537115	1.247903794 0.5	3.311364955 2	0.1778986985 0.7764389413	1.005472345 0.01987043662	-0.06104739011 0.03875020667	0.1085251365 0.1232511271	46.92636554	81 92 9
1603.469927	-11.72046423 1.570639254	1.795684846 0.5	5 2	-0.7021202788 0.9973895684	0.9897552734 0.02197739031	0.0322772714 0.05529520753	0.2449034346 0.1966019819	33.97377336	63 92 10
1604.507141	-13.23957366 0.83140794	1.220153092 0.5	5 2	0.3271263782 0.8504702551	1.056757026 0.02148246357	-0.02622442609 0.05054317333	-0.2255524294 0.16485775	51.33861497	87 92 11
1605.525444	-14.29698143 0.7815531301	1 0.5	5 2	0.2070802603 0.7848709303	1.002407906 0.02214642672	0.01510662322 0.05338003611	0.08782213215 0.2077186696	39.98793701	89 92 12
1606.458722	-14.4508055 0.9096021901	1.359127503 0.5	5 2	-0.7050034516 0.8762866153	0.984375249 0.02592645378	0.06345382714 0.06646620077	0.5692664853 0.2673908231	40.71409259	83 92 13
1607.429489	-12.87825132 1.199744277	1.169393442 0.5	1.857940949 2	-0.2799404625 0.8847818911	1.025970625 0.03003676567	0.1269921438 0.0747912674	0.1329144042 0.3258108747	63.27876819	84 92 14
1608.352459	0.5323474959 6.878997651	1.378348292 0.5	3.786425702 2	-0.05830430651 0.854642007	1.020301439 0.02874243249	0.003534734147 0.1070304764	-0.05100019321 0.4143870436	18.46088051	73 92 15
1609.159824	-0.6683620475 31.97578748	1.423446792 0.5	1 2	0.05977094667 0.9926602649	1.000341064 0.03359743631	0.1179287434 0.09417426723	0.05230521104 0.4294370103	37.14906893	92 92 16
1575.787862	-15.54353235 3.73645059	1.452528006 0.5	2.848706295 2	-0.06049305709 0.9805408773	0.9957572754 0.03450730348	-0.02297372867 0.06206579021	0.04648689024 0.1586011269	25.28197488	74 93 2
1577.293923	-11.44486173 2.22093354	1 0.5	2.253457455 2	-0.3248709281 0.8502841288	1.051231162 0.03124300594	0.08643867911 0.0494306736	-0.1469566458 0.1370514572	32.69954894	76 93 3
1578.764153	1.423622487 8.517440969	1.03428551 0.5	5 2	-0.2270917502 0.9106816583	1.017025072 0.02623482776	-0.06892979002 0.04695022457	-0.02662352564 0.1344715578	20.20034024	68 93 4
1579.923864	9.88782645 3.394476639	1 0.5	2.219941512 2	-0.1022490508 0.8472503613	1.016595074 0.0232306101	0.06709181999 0.06348308368	-0.01186278698 0.1122395153	35.43713972	64 93 5
1581.599489	7.798313033 36.55798953	1.246718362 0.5	2.295454726 2	-0.185455469 0.8277031449	1.020057959 0.02238162228	0.02209546964 0.06237237027	-0.06986727071 0.2078855116	37.41395093	61 93 6
1582.638829	-14.96821383 1.377419481	1 0.5	1 2	0.6929417192 0.8438183582	1.041848235 0.01864151396	-0.05415869088 0.03692722697	-0.09038167336 0.1002873513	32.04819452	81 93 7
1583.911117	-14.9080167 1.664745009	1.571697449 0.5	5 2	-0.4259746369 0.8477827641	0.9903771182 0.02103404597	-0.03160011514 0.04534036837	0.5247150384 0.1655361979	77.01174902	69 93 8
1585.098235	-13.17986577 1.803090042	1.010867054 0.5	3.115769668 2	0.1194315605 0.9741335755	0.997746749 0.01925010811	0.002105412691 0.03663947157	0.04807563722 0.1309063814	42.36824639	79 93 9
1586.163427	-14.5411417 1.463894996	1.290767364 0.5	3.32400636 1.733478713	-0.1087315227 0.9955062179	0.9899132343 0.01779293538	0.07504691009 0.03407540354	0.002238267699 0.1373499882	44.67009254	85 93 10
1587.347433	-25.04798036 5.754264439	2 0.5	3.483734865 1.679327567	0.01205400927 1.021843681	0.9964181814 0.0231952512	0.07084680063 0.06557628756	0.2943228677 0.2028533193	66.77645131	70 93 11
1588.213407	-21.05158362 15.74727368	1.296050689 0.5	2.522254981 2	0.01008358737 1.022430398	1.006416553 0.02730990714	-0.02420512747 0.06213363003	0.02464269871 0.2711906302	44.75134943	92 93 12
1589.209777	-13.77677584 0.6260406269	2 0.5	5 2	0.08191405831 0.9721692228	0.997692761 0.02678864787	-0.1250761328 0.06055230345	0.3262591351 0.2800935276	64.59570557	84 93 13
1590.177784	-13.56158466 1.067169964	2 0.5	5 2	-0.02409721847 0.9730427455	1.025966848 0.03084093524	0.1013667061 0.06007033823	-0.04190638075 0.3936616648	38.48272874	79 93 14
1590.996331	12.05647549 14.02685387	1.688889413 0.5	1 2	-0.03485549098 1.027206012	0.9988154622 0.0277318625	-0.05331866517 0.08401582891	0.2793299064 0.3923029758	43.50291852	95 93 15
1559.03773	-32.21571607 13.77333988	1 0.5	5 2	-0.01136189545 0.915775088	1.011064596 0.0281497009	-0.027685444 0.07026634473	-0.01170882197 0.1295238972	33.9984891	87 94 2
1560.554494	-26.74871629 8.907503528	1.42323091 0.5	3.28740738 1.319104873	-0.0238594567 1.010533482	0.9896368497 0.01877432854	-0.03609442728 0.0140295134	0.1376920397 0.0189937559	37.5351801	96 94 3
1561.932668	-8.621342672 6.748408944	1 0.5	5 2	-0.1123609765 0.9547000028	1.02782891 0.02179016072	-0.01496181846 0.04041650044	-0.06796019045 0.1069564673	36.27111325	97 94 4
1563.363826	-12.95551203 1.822736417	1.641668426 0.5	1.81923215 1.558067978	0.0157651997 1.017635553	0.9991725798 0.01689198788	-0.01584525912 0.03169566515	0.109400255 0.01362479916	37.32642756	82 94 5
1564.565429	-31.61582459 20.0300807	1 0.5	2.270343962 1.368486456	0.07657991371 1.042156075	0.9927769122 0.01660759791	-0.0347805189 0.01089663765	0.1029367733 0.06288089692	58.07222094	98 94 6
1565.94254	-15.42698299 6.15028893	1 0.5	1 2	0.01787418868 0.9312089531	1.037354165 0.01931190198	-0.04708499513 0.04505027055	-0.01797431238 0.1147832668	52.35776674	79 94 7
1567.032991	-12.17868486 13.53643596	1 0.5	2.634049099 2	-0.154091786 0.9825135786	0.9896552167 0.01799130555	-0.04677438295 0.03380094451	0.1168551998 0.1085555179	36.27234326	97 94 8
1568.157103	-8.3738439 7.416906089	1 0.5	2.462625981 2	0.1458748409 1.019891011	0.9996712572 0.02266815186	-0.00997558928 0.04141794858	0.02795815062 0.1417969006	47.46430259	86 94 9
1569.235056	-12.06966092 3.243430589	1.548187098 0.5	1.800047839 2	-0.77532774 0.9605392845	0.9933556466 0.02030204207	-0.0120370392 0.04845272742	0.3764262167 0.1639793674	40.31692961	87 94 10
1570.352753	-6.324558251 3.218428549	1.254383072 0.5	1.509792618 2	-0.4908140026 0.9063222595	0.991947105 0.02370772587	-0.1667817239 0.05658928415	0.4696420646 0.1942766717	53.23904158	73 94 11
1571.36077	-8.082547953 21.96734488	1.037793866 0.5	1.893017034 2	-0.1863270951 0.9153473942	1.021964823 0.02874838985	0.08444976712 0.05638743345	-0.1722535152 0.2323153512	37.3952556	73 94 12
1572.284496	-15.11810201 0.8985549054	2 0.5	4.741022247 2	-0.1122870289 0.9773951801	1.160444282 0.0316325745	0.1789770809 0.08471112861	-0.7593118408 0.302749068	81.88534577	72 94 13
1573.211251	-15.13172033 1.455549403	2 0.5	3.014105447 2	-0.2153897103 0.9172727321	1.042213675 0.03424336311	0.1058012945 0.08035489397	-0.1609202897 0.3547424549	37.88365235	77 94 14
1542.573963	-12.29778609 1.261930812	2 0.5	5 1.77858049	0.08472910036 0.9087989	0.9762928312 0.03133905573	0.006319326524 0.06155340107	0.3841573962 0.1375708491	42.29358325	84 95 2
1544.129123	-81.52580391 29.79438662	1 0.5	1.830976768 2	0.0219858979 0.9875455004	1.005356033 0.02900259769	-0.02291446922 0.04378222971	0.03209407576 0.1166915636	38.31745345	96 95 3
1545.480963	-13.94304941 2.298370777	1 0.5	1 1.395179686	0.05580719996 1.036979063	1.045602215 0.0255217083	-0.02597386036 0.04367910411	-0.2175454523 0.1198876961	52.34935746	100 95 4
1546.801332	-54.64661515 22.62812083	1 0.5	1 2	0.05942292822 1.012812182	0.9950411316 0.02470447502	-0.02699209916 0.04749724787	0.05448069402 0.16239091	46.88252271	80 95 5
1548.099896	-26.6661275 17.61426534	2 0.5	5 2	0.0645436274 0.9389715047	0.9973598776 0.01858626443	-0.08105685453 0.03215637681	0.01472785091 0.1005406022	43.13468018	100 95 6
1549.35082	-14.23558908 4.45802925	1.881182029 0.5	3.130789828 1.312168252	0.1118056988 0.9710586699	0.9786531324 0.01329498807	-0.1068506332 0.01184427021	0.2428737339 0.03967377192	39.05286713	92 95 7
1550.531833	-12.16904811 1.907093975	2 0.5	5 2	0.1043456853 0.9542745075	1.011245302 0.01974274603	0.1388101083 0.05201514257	0.2654575371 0.1572733636	33.62821692	76 95 8
1551.62426	11.0884806 14.29438907	1 0.5	5 2	0.05376062859 0.9558960891	0.9925253734 0.02184908918	-0.01398257696 0.04346991757	0.1169120517 0.1392697266	35.75140618	84 95 9
1552.762214	45.16807101 19.60690916	2 0.5	5 2	0.1638687783 1.043822045	0.9954836107 0.02646380855	0.0101294274 0.04269767478	0.06411611659 0.2345030504	68.15253747	100 95 10
1553.733969	-14.88723169 1.628801619	1 0.5	1 2	-0.106031227 1.051295511	0.9962858037 0.02292291777	-0.03079410553 0.06495782203	0.2259800027 0.184092756	33.92403824	73 95 11
1554.889578	-14.7738061 1.305035928	1.154031513 0.5	3.127102346 1.529413679	-0.02112847771 0.9888729369	1.01711337 0.01749852455	-0.1890202696 0.0326197535	-0.1497880236 0.07765561207	44.67428207	83 95 12
1555.766605	-12.08920164 0.8711123938	1.770636134 0.5	3.228926452 1.461182729	-0.02773133758 0.9063162675	0.9601274923 0.01475290328	0.3148425762 0.02974318389	0.6768605737 0.04387535797	76.70489175	101 95 13
1556.625721	-14.14120305 1.069324884	2 0.5	3.06952086 1.627912868	0.01164202234 1.032409596	1.012433131 0.01719641778	-0.2318814985 0.008291830416	0.3002252026 0.03669451371	44.04400072	89 95 14
1528.008107	-14.48828135 1.603195733	1 0.5	2.665209933 0.9961067081	0.1366222668 0.9683561919	1.01656776 0.02821441886	0.03130108664 0.05882985907	0.1003167268 0.1654212827	72.70889996	101 96 3
1529.409871	2.641511619 12.81804711	2 0.5	5 0	0.2144258264 0.994890423	1.003408871 0.02752880458	-0.0131398491 0.04781313637	0.1529253037 0.1459670734	63.16194468	90 96 4
1530.692277	-18.86461464 4.804108361	1 0.5	1 2	0.02551469346 0.9312598691	1.009328226 0.02008396981	-0.05314572239 0.04110543876	-0.07594539729 0.1220007156	46.61350599	96 96 5
1531.954748	-14.6156524 2.918095579	1.122369037 0.5	1 0	-0.01106361051 0.9910324565	1.022094213 0.01851736391	-0.003819540624 0.037062988	-0.1026218199 0.1042002493	52.94709978	98 96 6
1533.115904	-2.434736377 6.51337916	1.324563634 0.5	2.540992026 2	-0.4807371034 0.9169637971	1.019910811 0.01850097816	-0.04751562335 0.03865043948	-0.0516095737 0.1090258709	36.63213214	87 96 7
1534.342678	-15.47971971 2.465334449	1 0.5	4.197149023 2	-0.3128374903 0.9693806809	1.030550628 0.01865384656	-0.01373235847 0.0459403196	0.02225448957 0.1661618099	32.53360683	92 96 8
1535.508124	-14.31877664 10.80194688	1.734056999 0.5	3.239424086 1.560140119	-0.2264411402 0.7082208668	1.029738078 0.01870509106	0.02801372824 0.04318983014	-0.04099991959 0.1529293922	48.76008128	101 96 9
1536.593477	6.703226768 16.35173546	1 0.5	5 2	-0.3646216687 0.9287659811	1.00198188 0.02017925224	0.06850180948 0.04019360726	0.1415836174 0.1582214945	54.26055771	101 96 10
1537.621164	-14.1506067 0.6637726846	1 0.5	1 0.3842823711	0.06200810547 0.9855974435	1.123735 0.02032186571	0.08725947796 0.04687884857	-0.8486228159 0.1780829736	149.8069865	95 96 11
1538.619057	-14.97764491 0.6781485081	1.73539542 0.5	4.429867292 2	0.03644073067 0.9148091455	1.073020503 0.02351208647	0.1763389474 0.05523640331	-0.3293684789 0.2319353029	93.96674484	96 96 12
1539.601154	-16.9011003 1.151439181	1.780829806 0.5	5 0.4435697136	-0.184397641 0.9358474012	1.001964826 0.02782437607	-0.1814619361 0.07636576593	0.3315736683 0.277628359	52.89981331	88 96 13
1540.441714	-14.76698292 0.9525542885	2 0.4695990578	5 2	-0.532436256 0.8441388159	1.071041445 0.02635021695	0.03603669764 0.06859678859	-0.476090028 0.3194715131	100.3224264	95 96 14
1512.219938	-12.6291641 4.801999756	1 0.469576269	3.624388333 1.487157178	-0.2505215941 0.6880485344	1.014957186 0.02902747756	0.007886096228 0.04145144341	0.06663722088 0.1516338188	43.75495771	98 97 3
1513.584425	-11.90205463 1.760622033	1 0.5	2.630429482 1.118376636	-0.2010858555 0.4871476982	1.071093901 0.02605975261	-0.08912038583 0.06969853176	0.1146958939 0.08296184434	44.32166889	88 97 4
1514.903708	-14.55871581 1.084504276	1.068810622 0.423897639	2.213513007 0.7459541335	-0.02576945359 0.5972769806	1.034199185 0.0144230506	-0.06273743226 0.02786545081	-0.07603665575 0.09667786697	43.97585488	85 97 5
1516.154036	-14.39875744 1.535915628	1 0.1559272831	5 1.149795628	0.09392281881 0.5533604851	1.028101042 0.02319876494	0.04141681678 0.03907226835	0.09526322324 0.1232016383	41.78500844	94 97 6
1517.370388	-13.33227216 1.273013632	1.184241582 0.3523134195	2.112028497 0.5412969914	0.3173332927 0.4584656113	1.064083654 0.02136369272	-0.128091397 0.05319388109	0.04605194615 0.1239125362	51.86109841	90 97 7
1518.519005	-14.47003678 1.402162468	1 0.4173029731	2.475342931 0.9302806005	0.1283825745 0.528702168	1.020767923 0.0201444882	-0.01313159541 0.03488195571	-0.01595547044 0.1287943986	35.32762036	84 97 8
1519.673241	-15.47169346 5.546816765	1 0.5	2.458901318 0.768477982	-0.3876053567 0.6088577269	1.026307366 0.01923930883	-0.04152836735 0.04383719352	0.1035863361 0.1490613011	54.15794276	100 97 9
1520.748148	-10.53782389 2.879507214	1 0	5 0.940511152	-0.3642229994 0.6237241875	1.01544519 0.01911690611	0.08546087584 0.0408806336	0.005733465754 0.1520137344	60.46609026	101 97 10
1521.775227	-18.906275 3.210974798	1 0	5 0	-0.2766697299 0.8411780176	1.06656107 0.02144777496	0.04983105455 0.04710639653	-0.3293317549 0.1948026352	39.33246163	97 97 11
1522.754215	-12.93645413 6.391657479	2 0.5	2.629516417 1.595064543	-0.01885124647 1.030343134	1.017159719 0.01810184373	-0.09483879778 0.04275414841	0.04757395103 0.1724616983	42.43416174	101 97 12
1523.626071	-11.70163398 1.17608789	1 0.5	2.788753113 1.353627595	-0.5261655416 1.186255822	0.9675901322 0.02953495104	-0.06269615925 0.05324569691	0.6455109537 0.4248431668	45.67579803	80 97 13
1524.575197	-15.74941123 2.494099887	1 0	5 0.2838332863	-0.6114120788 0.6655414177	1.081858113 0.02667378653	-0.1285861969 0.08390577185	-0.1946215965 0.3640612334	66.6367071	97 97 14
1525.401124	-15.62882915 1.870090506	1 0.5	1 1.19973296	0.1350167265 0.9379942355	1.002636742 0.03017610063	-0.02987165307 0.0804506905	-0.3627151161 0.4003662955	38.74923252	99 97 15
1496.85529	-14.39176315 9.504484762	1 0.352847185	2.482156958 1.594687963	0.3746253616 0.7684679181	1.044815736 0.03242503711	0.05350306489 0.07423133302	0.05248086607 0.132203404	28.85569238	91 98 3
1498.179913	-7.86220888 5.333786158	1 0.4760706774	3.301870507 1.474319729	0.03533914617 0.4815675637	1.102086142 0.03248164633	-0.04486773802 0.0437713781	-0.08870562994 0.1399569788	36.1511691	82 98 4
1499.437791	-18.46609533 7.961979954	1 0.5	2.687182818 0.8776082641	-0.7746423806 0.4693997104	1.073427293 0.01878262779	0.01158350665 0.027111844	-0.02090620004 0.06728305827	45.6486652	92 98 5
1500.698835	-14.12255298 1.14206318	1 0.4273890279	2.168659118 0.6337920007	0.2416130134 0.6420675417	1.056662278 0.01866812819	0.009017120629 0.0487404556	-0.0100177983 0.1050143375	60.94273381	91 98 6
1501.924523	-13.47399318 0.9428752974	1 0.5	1.946132056 0.6942291283	-0.3846312539 0.7751330731	1.014800996 0.01853717893	-0.114532027 0.04145486546	0.0493604866 0.09760577908	46.29930252	93 98 7
1503.091949	-14.06349603 1.089129692	1.142372608 0.3951030513	2.714213554 1.079384739	-0.8482391416 0.3871713917	1.092306751 0.03454881186	0.04009856406 0.03547249515	0.143016827 0.1271302996	37.11580646	79 98 8
1504.201878	-15.27494292 1.982683691	1.210296709 0.4036681228	2.289977624 0.706365983	-0.5334299307 0.3695123495	1.11392568 0.04237446688	-0.07868063363 0.06774907971	-0.08627397357 0.2136975651	45.37695197	85 98 9
1505.178026	-13.06835268 0.6397458241	1 0.5	2.951061805 1.027399788	-0.4098418824 0.2898177369	1.108386414 0.02701773898	-0.03441103929 0.08921628651	0.06026490908 0.2082870568	60.70993395	69 98 10
1506.188316	-13.50510713 1.010668751	1 0.5	2.470720743 0.9136920139	0.2778101287 0.6112817004	1.017556404 0.02630169309	0.01068132405 0.06658663654	0.004105750085 0.2354700118	40.46305197	87 98 11
1507.283184	-13.16821759 1.911167558	1 0	5 0	-0.1776378073 0.641990655	1.046977077 0.02618619137	-0.07266107951 0.07688808709	-0.07252862543 0.2499477099	26.97483525	76 98 12
1508.060094	-12.33220745 1.552460692	1 0.5	1.979746734 1.659368065	0.3334067254 0.7304768499	1.035494216 0.03003213237	0.03759374493 0.0964855547	0.05884057015 0.4149303475	40.99270494	81 98 13
1509.063895	-13.11120211 8.21994132	1 0.4779715442	2.375820917 0.862046909	-0.2808222773 0.6717332308	1.043680617 0.04657517958	0.06427920766 0.1264532645	0.2163424946 0.4128256205	47.7988509	74 98 14
1509.834693	-16.66873504 3.930312169	1 0.5	5 1.731293712	0.7039491388 0.9254732663	1.056213114 0.03600442531	0.09315932886 0.1036780143	-0.4104122023 0.6346736395	35.18131062	97 98 15
1484.191118	-3.453398595 8.964869409	1 0.4412616799	1.779342873 0.3808523965	0.2591199226 0.642819487	1.134496162 0.04345491599	-0.004799463688 0.07031289446	-0.02632235945 0.1576731478	38.59722743	76 99 5
1485.488572	-15.78922364 2.166031578	1.267172509 0.4023530468	2.119879004 0.5456450728	-0.3596037972 0.4627991811	1.047587169 0.03351041919	0.002910143905 0.05401244879	0.4315341587 0.135584091	54.97382781	80 99 6
1486.650057	-53.51932077 29.0778929	1 0.4379075355	3.162569697 1.12656817	0.1307977926 0.450468876	1.437896717 0.1320215609	0.03361738137 0.08025847345	-0.03309755291 0.2884325974	47.72280256	61 99 7
1487.799788	-16.94296136 1.74668183	1 0.5	2.320084444 0.6229065118	-0.2676309618 0.5940267218	1.29043289 0.04542922125	-0.1310127702 0.07725376607	-0.3334708545 0.2189376349	40.03979116	74 99 8
1489.043089	-14.25622317 1.143990466	1.02339985 0.4346962711	2.407901709 0.6983223946	0.4371473145 0.348751157	1.110774037 0.04171368786	-0.1858898125 0.02573697996	0.03598693574 0.1525539115	40.49858775	78 99 9
1490.075091	-13.87242214 0.9535610258	1 0.5	2.954343839 0.9445851952	0.7109635892 0.5957603322	1.063699251 0.03066704377	-0.08357461345 0.05873200399	0.3204368951 0.1774042381	38.8922841	88 99 10
1490.99812	-14.29233695 0.9911963767	1 0.5	2.825604675 0.9412573234	-0.3101355064 0.6654601687	1.039615914 0.02478137059	0.2281531864 0.05689429938	0.6122080465 0.244515473	42.1701628	74 99 11
1491.968529	-12.80646123 1.601129372	1 0.5	3.088700635 1.340074059	-0.4254700237 0.3799523868	1.196806568 0.05620649254	0.04503347396 0.07295070097	-0.5395050646 0.2941111995	28.92976914	89 99 12
1492.808097	-13.06647944 3.807863362	1 0	2.700320756 0.7062362276	-0.5030584988 0.4781473798	1.15587816 0.04664770076	-0.004335637346 0.1154739726	0.07357595541 0.4037018557	56.15446492	69 99 13
1493.725435	-15.57474834 9.989710809	1 0.5	1.46405192 0.4164142009	-0.5630243023 0.7953816854	1.041773558 0.02936268805	-0.04024783796 0.1210526827	-0.4531498858 0.2612924754	51.68515959	90 99 14
1471.745341	-14.80765675 4.643502925	1 0.434589948	1.862812634 0.4133369271	-0.1166285797 0.7695979516	1.215723693 0.06752621451	0.1072852235 0.1199919194	-0.2801813431 0.5859886764	36.87788856	62 100 7
1472.988719	-10.90279885 5.127046468	1.165342729 0.3270911336	2.137540779 0.4666413221	-0.2790785235 0.718651964	1.216702892 0.04470561832	0.002353863478 0.1313166797	0.1335452864 0.3584419063	31.73671048	70 100 8
1474.20709	-13.4061468 4.022097247	1.10789544 0.4556006983	2.844326526 0.8935868104	0.3820992281 0.4635888376	1.211345435 0.05162328967	-0.2251710406 0.1460505023	-0.2874546584 0.2394847868	76.07109382	68 100 9
1475.075771	-14.35260806 1.396195758	1 0.1881325093	5 1.11529486	0.5371137558 0.4459670554	1.081285703 0.02578099934	0.1643373734 0.08806216758	0.7349858967 0.3722307426	35.49018943	81 100 10
1476.237685	-15.96532464 1.443592835	1 0.4355243433	1.970127179 0.4526310188	-0.3150582393 0.4956035762	1.214708374 0.04037524781	-0.0315755563 0.1002520406	0.4375477101 0.3767961788	31.31544042	70 100 11
1456.016294	-2.135382009 8.53467757	1 0.3836192736	2.185991417 0.5982558277	0.175421636 0.574336435	1.233437002 0.05884867204	-0.1459697723 0.09178074595	0.09611849522 0.1763489043	47.07517381	79 101 6
1457.178816	-13.67758905 1.175825776	1.077400435 0.3387018093	2.046383572 0.4609832754	0.788869053 0.6217331482	1.250802758 0.04436179862	-0.06412619669 0.06575982512	-0.5156368232 0.244719995	41.85791182	71 101 7
1458.338453	-12.57369142 1.32447225	1 0.4146090402	4.969352155 1.271255019	-0.2376177558 0.4670353195	1.182844295 0.02532753206	-0.1193338183 0.06723219837	0.1297109623 0.1643269846	37.32451926	90 101 8
1459.460133	-28.09286406 2.36286876	1 0.5	3.641110501 1.42335255	-0.2279154599 0.3590972514	1.193917369 0.03173832185	0.1265533251 0.07600793852	0.5609202964 0.387614241	33.14750385	84 101 9
1460.672602	-3.979116475 1.150515386	1.249905841 0.3548279431	2.085738302 0.5763154966	-0.131669972 0.3684961034	1.188036904 0.06693617884	0.813620967 0.1309771179	1.47453238 0.2315900253	73.98469084	56 101 10
1461.537945	-14.4588752 1.054417877	1.279759054 0.4054128799	2.471656489 0.6934802325	0.4899076537 0.3360333023	1.444308303 0.06948703145	-0.3842789007 0.1218945186	-0.4988313524 0.2578434127	87.39555621	69 101 11
1462.427166	-13.7156962 1.36723567	1 0.5	2.038086855 0.5028789484	0.1627926549 0.5445396938	1.053183902 0.03493477686	0.2198270106 0.08529819868	0.5448962315 0.3289965703	40.62551014	88 101 12
1443.223421	-13.32739912 19.14708484	1.015526425 0.4290941624	2.101295542 0.6282088402	-0.1031434768 1.011867163	1.222799969 0.1523181203	0.2134938033 0.2968521001	0.490792553 0.8137991653	24.18638872	51 102 7
1443.975315	-9.80520564 6.943764698	1 0.2345113705	2.018450232 0.4340091165	0.4354830052 0.6761621879	1.238453448 0.08463712303	0.006004808276 0.1401897895	0.06236419476 0.283118665	35.51871724	63 102 8
1448.035951	-13.90500367 3.593982952	1 0.3108104624	2.258820546 0.6390209302	0.398738605 0.8231824839	1.20296916 0.05303013738	0.280628254 0.08108365842	-0.8390659657 0.3493274866	40.98193432	86 102 12
1341.005193	-2.345393905 3.330137565	1 0.5	3.723014372 1.400223198	-0.3365429851 0.6262517848	1.140339037 0.04336067113	0.1385130814 0.1171347384	1.000657841 0.5338793968	38.11256093	81 110 10
1327.932977	-14.27696609 14.66471793	1 0.5	3.786185921 1.422215071	0.05691035147 0.5396585982	1.047496101 0.0358077125	0.1170816559 0.09161001734	0.9713069672 0.5023372321	49.30854626	79 111 9
1329.748117	-13.3517588 1.247966436	1 0.4470624142	1.644414926 0.3589722254	0.01836585791 0.6909094543	1.150146254 0.03317069223	-0.09631348186 0.0915505146	-1.043591071 0.4664894524	47.09755324	83 111 11
1316.161219	-15.64717114 18.92867898	1 0.5	3.178971116 1.305628855	-0.2503495205 0.762036937	1.05821482 0.035650237	-0.04418362958 0.08408973481	-0.2473966481 0.4124314964	36.87987904	87 112 9
1317.068533	-0.203625802 18.90359583	1 0	5 0.339968777	-0.3840133631 0.6007570361	1.097722328 0.03804491092	0.03679168521 0.07456795905	-0.2157935393 0.3309231177	29.73266411	88 112 10
1317.904302	-9.993719974 7.373947115	1 0.5	5 2	0.3561852894 0.9406295546	1.004168583 0.02814739793	0.01659240893 0.09968883753	0.06974145167 0.5003978018	50.36258431	92 112 11
1303.462711	-12.6138787 2.649270913	1 0.5	3.43933244 1.188653226	-0.246037236 0.8504567043	1.033524393 0.02684861238	-0.03481794261 0.06508484361	-0.01188710386 0.1191362408	33.98967668	89 113 8
1304.475224	35.89635123 17.8971476	1 0.5	2.34050261 0.8214534635	0.3721760774 0.3552939918	1.020763713 0.06558494101	-0.01504360002 0.0514787712	0.7110183235 0.3676888448	41.54460131	92 113 9
1305.401227	2.003556991 11.96818535	1 0.1033151933	5 1.28458441	-0.211957009 0.7038322483	0.9979827952 0.03021146464	-0.1428100463 0.07339307189	0.2859643562 0.3105054648	33.20893868	88 113 10
1306.230024	-36.34546683 16.44334507	1 0.5	5 2	0.2887883132 0.9243014241	1.092015795 0.03162986542	-0.02103706655 0.1216439056	-0.5504611998 0.7846143155	50.10393427	92 113 11
1292.994225	50.22347363 28.2179441	1 0.5	5 2	0.3561022801 0.9486161181	1.010142509 0.02824737197	-0.04152065285 0.07857777211	0.1511452104 0.2856285247	43.35260831	96 114 9
1293.905291	-15.42069029 5.386166033	1 0.5	5 2	0.2176340165 0.8664860525	1.007436155 0.03074085723	0.04985657803 0.07873172652	1.102933697 0.3741281523	102.1310604	84 114 10
1294.808199	-3.949573855 15.18056152	1 0.5	2.870415853 1.113220416	-0.1574723487 0.9124722916	1.007649753 0.02655167219	-0.05828724708 0.06294346352	0.137289266 0.2940084798	50.67754949	101 114 11
1295.645171	-14.92860217 12.22841115	1 0	5 0	0.3561302912 0.6863351903	1.007451098 0.03266893795	0.103279221 0.07741718768	0.3719108919 0.3978144647	28.37658835	92 114 12
1281.747375	-12.15062764 6.01673138	1.360635861 0.5	1.114097003 2	0.01962719542 0.9861088808	1.039646463 0.03098008852	-0.02891160239 0.07194911528	-0.1325723229 0.3275904388	40.97855458	96 115 9
1282.700005	-14.08145191 1.241374945	1.471050615 0.5	3.40306064 2	-0.3407567144 0.9090324978	1.084664583 0.02713110632	-0.0003507899361 0.07394250304	-0.69966628 0.3170482346	51.17949104	94 115 10
1283.577073	-14.49726281 1.848806291	1.3999398 0.5	5 2	-0.01867327114 1.005823165	1.032196883 0.03336893515	-0.1516626854 0.07362253061	-0.2771108343 0.4339167421	46.79830176	87 115 11
1284.352857	-3.255805953 33.52524179	1 0.5	1 2	0.1255065263 1.01718407	1.009102541 0.03200693048	0.1406789579 0.08618388371	0.04190096328 0.3793760498	34.13899939	92 115 12
1271.581708	-14.11821298 1.676444073	1.174107929 0.5	1.973806469 1.576819726	0.1338460954 0.9353407533	1.079470503 0.03600682686	-0.1584762813 0.0904615164	-0.337473553 0.3841640518	36.92648387	85 116 10
1272.43039	-39.93717632 1.944448335	1 0.5	4.33033515 2	0.04096976503 0.9059646273	0.9430351299 0.03277212488	-0.247332391 0.1024089625	1.344113207 0.385272668	51.91934853	87 116 11
1273.322154	-12.42867655 13.5459588	1.218503727 0.5	5 2	0.0533523676 0.913743488	0.9689343947 0.03245309949	0.05097052858 0.08787754677	0.5173898624 0.4918635039	31.98559977	93 116 12
1260.702081	-13.16496319 3.716911154	1.379987814 0.5	1 2	-0.2224865383 0.8479697401	1.005313579 0.03113769216	0.1087998428 0.111012373	0.3053822842 0.2214386171	36.77982238	80 117 10
1219.894629	21.40234878 33.79208729	2 0.5	5 1.27164457	0.08720175116 0.864433229	1.00778128 0.03527474072	0.01938995428 0.0876598519	0.04475788362 0.4532750193	64.48247813	89 121 11
1209.855271	38.42581538 28.22727095	1.35561373 0.5	3.064856094 1.906283344	-0.5560206036 0.792107909	1.000221098 0.03557770885	-0.01409241656 0.08402535983	0.1091936403 0.4265378397	57.94042005	93 122 11
1199.263103	-20.88210679 8.234498742	1 0	5 0.5889829803	-0.08516502535 0.521993156	1.081723654 0.04110305012	-0.1861909958 0.107449059	0.1507581179 0.4330482037	39.60483087	91 123 10
1200.0601	-8.998866476 3.383484606	1 0	5 0.5851912309	0.374194274 0.7244267413	1.017588481 0.02775143767	0.002979951875 0.09836686244	0.591835162 0.2866674946	62.57842946	93 123 11
