1708.797682	-2.864836691 7.452047761	1.334517747 0.5	1.040175156 0.109572367	-0.08605785777 0.998675991	1.032126265 0.0315628235	-0.104905194 0.05384478772	-0.05957505366 0.1334257571	36.25536828	95 86 5
1710.190558	-15.71563938 2.088744783	1 0.2637290522	1 2	0.09011719449 1.015376425	1.106647404 0.02898978834	0.07391598683 0.04719886762	-0.3059281935 0.1440006692	102.8508609	97 86 6
1711.570405	-8.029623744 10.07241551	1.402132373 0.5	2.656367934 2	-0.0721962464 1.032279229	1.050159715 0.03733488976	-0.07622123059 0.04904731586	0.05298624957 0.2156516576	33.35342052	89 86 7
1712.955747	3.183472756 15.90400595	1.969466185 0.5	5 2	0.138674499 0.9658531238	0.998441927 0.02758709393	0.003869023589 0.05998874183	-0.01776518684 0.1891589769	25.71017349	84 86 8
1714.089609	-0.4092665882 3.218689995	1 0.5	1.13297848 0.1836682084	-0.1852907965 0.9819076652	1.012467222 0.03077530732	0.05485437105 0.05867120543	0.02204720914 0.1580487311	35.12910126	97 86 9
1690.584421	15.19299868 2.08033664	1.727235141 0.5	1.071853214 0.410255664	-0.03904204075 0.9968847706	1.076072983 0.0399143863	-0.03334566199 0.04943649698	-0.08084410628 0.1595132008	65.3284676	81 87 6
1691.87522	-48.05396199 66.03968939	1 0.5	1 0.2691864569	0.1622285168 1.036010655	1.030750092 0.03101003485	0.0165987442 0.05057909103	-0.09982874765 0.1544992007	59.45631116	100 87 7
1693.165484	62.72696592 59.32779498	1.26482171 0.5	3.05548634 1.977642274	0.04874659623 1.033710834	0.9769760733 0.02462924023	0.03006049045 0.05413261813	0.1883569519 0.1437725256	32.83189278	100 87 8
1694.392811	19.29630802 25.70951272	1.325228743 0.5	2.76685329 2	-0.02386040402 0.9716430583	1.041787491 0.0284302429	0.02136056507 0.05283850112	-0.1302874196 0.1614351736	42.82794386	96 87 9
1695.633328	-2.543526577 4.22213604	1.044465294 0.5	5 2	0.03668794824 0.9856385935	1.007454558 0.02543454392	-0.03047921003 0.04057759155	-0.03645434468 0.1055670104	24.76537094	88 87 10
1672.579586	-54.85941739 22.39917549	1.530366693 0.5	3.507253884 2	-0.006266664611 1.016293718	1.037747618 0.04413594332	-0.01418193455 0.07691177711	-0.1070925884 0.2650531985	72.67596074	76 88 7
1673.94057	1.673765564 4.152077188	1.052030089 0.5	2.201740109 2	-0.04839080843 0.9342812696	1.000426822 0.02886305087	0.03809609759 0.06065688346	-0.0791880147 0.1988797588	32.64231043	84 88 8
1675.065697	-22.49733102 6.644261062	1 0.5	1 2	0.02879228915 1.006410724	1.08908424 0.03805023957	0.2332812037 0.07107169491	-0.3209671749 0.2204053426	38.23499219	85 88 9
1651.18351	11.75409151 22.145141	1.103310416 0.5	1 2	-0.07203538473 0.9246455574	1.021963881 0.03251857825	-0.02694761483 0.05520424875	-0.008534854797 0.1532384463	47.21242915	95 89 5
1652.50988	-30.14800968 14.21869073	1 0.5	1.880078873 1.989798128	0.07747007594 0.9874705369	0.9648897813 0.0256398576	0.03534624971 0.04692175567	0.331050858 0.1377561409	39.5332753	97 89 6
1653.861111	-3.939209127 7.967417296	1.196347316 0.5	1 2	-0.4201422891 1.013989562	0.9749796343 0.02999553057	0.05189880265 0.05234322026	0.3006740094 0.1525702775	53.51886605	91 89 7
1655.056045	-27.29066653 2.695249461	1.848324181 0.5	5 2	-0.05138037691 0.9125398758	1.046041871 0.03248921615	0.02675876547 0.04512619718	-0.09944120164 0.1626813731	34.92185791	90 89 8
1656.293986	-2.167172977 3.294152649	1.624460667 0.5	1 2	-0.01149788845 1.020741279	1.036880548 0.02799671448	0.03382221207 0.0550443709	-0.1811054828 0.1697791742	56.44415143	94 89 9
1657.468289	28.92428498 6.055712886	1 0.5	1 2	-0.05700163813 0.9625530841	0.9934792275 0.02677617773	0.06306642039 0.05438255275	0.0625050003 0.1865759138	36.17838514	99 89 10
1658.529676	0.04028364857 2.710873196	1 0.5	1.992258511 2	-0.0735403533 0.9451362891	1.040791027 0.03066994924	-0.114367296 0.0663735186	-0.09713186342 0.2077900526	37.58831935	88 89 11
1631.281397	-1.989100886 6.437120848	1.246037431 0.5	4.329724501 2	-0.05998735858 1.046680384	0.9869462488 0.03528146562	-0.2482941436 0.07764814051	0.3968943003 0.1696404123	39.86905056	76 90 4
1632.799656	-56.18669036 29.41428337	2 0.5	5 2	-0.01152792094 0.9742335961	1.01298784 0.02926668398	-0.05625377628 0.05204363005	-0.1006545684 0.1307427384	37.99306848	100 90 5
1634.101581	-39.97594772 22.30328885	1.538761761 0.5	1 2	-0.08987784973 1.030597034	1.014941959 0.03252746219	-0.02731610192 0.05497441371	0.08613990576 0.1612644954	50.14965188	86 90 6
1635.511811	-29.10647963 2.028208464	1.769834035 0.5	5 2	-0.4342761598 1.0541804	1.055123131 0.03063206396	-0.09186864217 0.07660434851	-0.08404779201 0.1907379494	54.47802803	71 90 7
1636.693618	-6.658834058 2.638582593	1.889940834 0.5	2.037322523 2	-0.007443695652 0.9656851503	1.03082903 0.0285822215	0.07325121508 0.04993031122	0.07983371509 0.1457239653	49.83624621	88 90 8
1637.939632	1.736693659 2.928378384	1.169127674 0.5	1 2	-0.2573693851 0.8796913416	1.017796522 0.02985885703	0.005693406032 0.05041366411	-0.0963789096 0.177545852	34.02339841	92 90 9
1639.120697	17.98230483 12.58334614	2 0.5	5 2	0.1059941774 0.9934883255	1.051967354 0.02807569327	0.01913071039 0.08093063223	-0.2013825021 0.20843806	32.98424965	88 90 10
1640.108608	0.8561380546 17.10094622	1.343894153 0.5	1 2	-0.3334342477 0.9227583551	1.02780041 0.0314653661	-0.2263718649 0.07485559623	0.1521798458 0.2636408961	50.39530485	85 90 11
1612.053887	10.44955812 14.36228706	1.276634734 0.5	5 2	0.008569456584 1.021382778	0.9829706423 0.03272487054	0.008142597498 0.05167735133	0.03847387507 0.1374949879	32.72184549	85 91 3
1613.537896	-0.2176949272 3.089792594	1.344873019 0.5	1.928831387 2	0.2779743685 0.9859577427	1.017557353 0.02902379345	-0.08706064812 0.06035195584	0.09617315379 0.1628600065	23.8396515	82 91 4
1614.857967	-0.6168071515 7.017502257	1 0.5	2.634827205 2	-0.1290417216 1.009422082	0.9931564525 0.0284300358	-0.01543250767 0.0439459014	0.1048702976 0.1405599244	47.90609005	98 91 5
1616.207502	-2.197606709 2.141473049	1.368895683 0.5	1 1.848870258	-0.1042253336 0.9735351988	1.04132842 0.02655314688	0.00633434627 0.05017522565	0.1516587965 0.134741642	50.66094013	94 91 6
1617.472411	-31.16485546 5.477555733	1 0.5	2.308971303 2	-0.1340963904 0.9989542823	1.005289785 0.02331691578	-0.0512654687 0.04214444842	-0.1274573288 0.1281145966	40.9368395	100 91 7
1618.712394	-20.63106731 1.573662801	1.319986144 0.5	2.055243623 2	0.06775991981 0.9462206609	1.036527667 0.02218848775	0.07593028894 0.04886482681	-0.1006207601 0.1279108955	53.67569353	100 91 8
1619.945691	-19.73813789 4.161441777	2 0.5	5 2	0.05707239344 1.017905542	1.032129805 0.02599522388	0.001091119044 0.07112392293	0.4020690673 0.1633710033	72.13816332	92 91 9
1621.052803	-1.419250396 2.143989203	2 0.5	1 2	-0.03128201091 0.9997474961	1.08304284 0.02660782964	0.03822703043 0.0460788359	-0.2746650922 0.2025352355	80.30383119	96 91 10
1622.131752	-4.106701121 1.560461157	2 0.5	5 2	0.000393148711 1.036671636	1.1000845 0.0285233966	0.08575417905 0.05038260128	-0.6945400526 0.1997685281	120.4638419	98 91 11
1623.066671	-39.56988362 5.073660608	1.423940901 0.5	1 2	-0.09568109132 1.048514298	1.11050631 0.02461247015	0.08188178407 0.06749051633	-0.6700598229 0.2570349899	118.6741962	76 91 12
1594.49099	1.445806005 7.693894764	1 0.5	1 2	-0.0633527966 0.9425828778	1.052539762 0.02852334433	-0.03011762815 0.04933707829	-0.2087852178 0.1229067617	36.0802806	96 92 3
1595.922682	-54.3468688 18.91003768	2 0.5	5 2	0.07356694287 0.9987597833	1.057622206 0.02688535503	-0.04716504935 0.04293356992	-0.2842309358 0.1396008125	53.34080287	97 92 4
1597.194417	-30.26271802 5.41796733	1.644323995 0.5	5 2	0.0589441795 0.9914457226	1.056313695 0.03355710047	-0.008763979401 0.05566264738	-0.09905333425 0.1468892966	35.43083177	87 92 5
1598.618708	-2.39414517 2.960541207	1 0.5	5 2	-0.08417286673 1.012218336	1.006002531 0.02441149735	-0.03089737729 0.04312742076	0.0392996793 0.125466916	40.42711766	95 92 6
1599.860062	11.29568223 10.87999866	1 0.5	1 2	-0.04161931322 0.9227345197	1.011621582 0.02603672855	-0.007650325768 0.04720159244	-0.005500433537 0.1508485255	40.90511043	87 92 7
1601.09993	1.591010989 19.01688042	1.073691057 0.5	3.152105009 2	-0.02045845517 0.8254435388	1.033809727 0.02867174981	-0.004650814375 0.05032396463	-0.0826987536 0.1531372276	26.75096621	73 92 8
1602.300236	-26.79560409 10.89278694	1 0.5	1.352416743 2	0.2589746848 0.8542917351	0.9959527813 0.03447374922	-0.06314048347 0.05713322506	0.1905996332 0.2105193668	32.94571787	84 92 9
1603.469293	-6.663072183 6.743946855	1.232255545 0.5	5 2	-0.1540612429 0.8928201949	1.004780137 0.03215330542	-0.07231509328 0.08752973822	0.08961316192 0.2620669303	27.96225191	62 92 10
1604.50654	-37.78855215 7.724745409	1.493437511 0.5	4.062872381 2	0.07625075584 0.9764647208	1.001597793 0.03265074755	0.00553796239 0.06627138972	0.2632258374 0.2618028459	31.44578118	81 92 11
1605.524882	-16.17091748 2.789508653	1.262124911 0.5	1 2	-0.1286686645 0.9879879041	1.021238926 0.02890785879	-0.05307906628 0.07972364034	0.03124578056 0.2861841245	48.04421388	91 92 12
1578.763531	-15.58518359 3.772773155	1.476100114 0.5	5 2	0.08437021058 0.8815906396	1.036271131 0.03136044357	-0.02716851031 0.05538649348	-0.0631402312 0.148993651	23.51303303	70 93 4
1579.923225	7.179782128 7.435280924	1.553489615 0.5	2.437979752 2	-0.08458583935 0.9740104436	1.036611525 0.03113151043	-0.0132150967 0.08064742007	0.0393545912 0.1600468193	28.6704027	62 93 5
1581.598844	-12.44027134 7.095591061	1 0.5	5 2	0.1112042019 0.8502108936	1.055163216 0.02737603667	-0.1150244835 0.07485557877	-0.07938339798 0.2789427357	43.85512962	62 93 6
1582.64969	-2.35641262 6.783347354	1.068600474 0.5	4.708788521 2	0.1316045903 0.8646478905	0.9899717697 0.026356166	-0.0977418306 0.04419393903	0.1775776381 0.1465326801	37.22294969	77 93 7
1583.899489	-16.79854692 8.121614323	1.26874328 0.5	4.565585317 2	-0.4834920986 0.9742542087	1.016238304 0.02846304202	-0.05571080798 0.06397392524	0.04681296745 0.2099272337	27.53851651	68 93 8
1585.097667	-15.5231087 12.33095149	1.585938876 0.5	2.419440122 2	0.1604090415 1.102223744	1.002908604 0.02955476325	-0.0409018282 0.05712411767	0.09601910123 0.166120593	40.23138769	80 93 9
1586.14263	0.02251729014 7.781042443	1 0.5	1.270978578 2	-0.1973117381 1.022778614	1.041708929 0.0311988758	-0.007643691531 0.05854660705	-0.3574336809 0.2395865065	48.13318826	83 93 10
1587.356516	-25.92463875 2.81624786	1.424170434 0.5	2.897787017 2	-0.07571421668 0.9771495773	1.006622617 0.02857123425	0.08910518594 0.08071839067	0.09686140747 0.2310765394	48.80656223	71 93 11
1560.553872	0.9590296222 7.39318495	2 0.5	5 2	0.06834984789 0.9697912172	1.032342974 0.02797428286	0.03218821113 0.0513058039	-0.2264755573 0.1411422304	35.29624182	98 94 3
1561.932034	-3.427907528 21.14911462	1 0.5	1 2	-0.007197843716 1.044505464	1.016942118 0.02964652241	-0.07821759951 0.05157149794	-0.07564977548 0.1469194023	47.22457974	97 94 4
1563.363187	-1.438847972 11.64315576	1.236301082 0.5	2.651866711 1.502415205	0.01218339697 0.9971306441	1.008745193 0.02104301551	-0.1312710264 0.009101003288	-0.1657183159 0.02809952888	47.71122551	85 94 5
1564.564794	18.24996092 10.20832064	2 0.5	1 2	0.08207142174 1.045989812	0.9651175744 0.02577845997	-0.1402657442 0.04064494241	0.2591602523 0.1554069481	52.54864617	99 94 6
1565.941918	-17.72790947 10.37715701	1.316180089 0.5	5 2	0.01606687226 1.041996356	1.051634394 0.02514021947	-0.06709163279 0.05908971292	-0.2255624046 0.1358613274	26.2821218	79 94 7
1567.032382	-37.55946544 18.02248771	1.766576554 0.5	5 2	-0.02952647785 1.049202719	0.990369774 0.0291940976	-0.1310899144 0.04091748865	-0.03408514553 0.1959308259	45.58906849	97 94 8
1568.156507	-76.95822476 19.74948948	1.791362007 0.5	2.697486824 2	0.01859864444 1.00680792	1.001494485 0.03109651576	-0.02872048876 0.05499901142	0.01621302376 0.2029236004	30.40727267	85 94 9
1569.234472	-9.324936939 16.22239782	1.142122861 0.5	5 2	-0.06677046975 0.8897475742	0.9990315469 0.03117731217	-0.001865628524 0.0708735013	0.1598238047 0.2594740665	38.73893475	88 94 10
1544.128524	-20.18284524 20.84140827	1.060621749 0.5	2.308149445 2	-0.05598748059 0.9647726599	1.041927763 0.03216550483	-0.1505228786 0.04766195984	-0.05563667928 0.1305492524	42.50165259	97 95 3
1545.480371	-37.77653256 14.33888962	1 0.5	2.034253012 1.661660823	-0.0132390017 0.99624972	1.027050155 0.02637947243	-0.09371505109 0.03610597907	-0.1845528823 0.1123768826	45.3397835	98 95 4
1546.80074	-24.28121615 4.463196458	1 0.5	5 2	0.08015532655 1.041280504	1.028385437 0.02530170983	-0.01691972292 0.0546435071	-0.2166259527 0.1816671989	34.57985676	83 95 5
1548.099311	-30.70993295 13.77847699	1.780533209 0.5	2.89004407 1.543791798	-0.09974596685 1.006336874	0.9956779287 0.01416557967	-0.1771860704 0.0380444596	0.1166753783 0.05800512623	48.05664216	101 95 6
1549.361505	-22.83348508 30.30394766	1.730554935 0.5	3.912024915 1.264871154	-0.08223139272 1.011204323	1.01557209 0.01591632312	-0.1664128508 0.01118573434	-0.1421496191 0.01759357503	55.11974232	93 95 7
1550.531287	-24.0741006 4.321944424	2 0.5	5 2	0.08369429582 0.9647682847	1.033382138 0.02751247391	0.0676682921 0.06171378287	0.4724020314 0.1970804358	52.6548303	77 95 8
1551.634131	-48.69566749 35.17223123	1 0.5	1 2	0.08999524775 1.027140829	1.001818673 0.03324358478	0.03239928655 0.05127593863	-0.009725130258 0.2100422334	42.94361067	87 95 9
1552.76172	-21.09473575 25.61445558	2 0.5	2.9343672 1.547490341	0.0577606197 0.9692773205	1.034052236 0.02289921938	-0.09894664262 0.01224610749	-0.2476445015 0.07714602783	26.54371071	93 95 10
1553.733492	-37.46628509 6.075807834	2 0.5	1 2	0.02510001941 1.0254962	0.9718439977 0.03247391781	-0.08884535929 0.07374715863	0.6332618298 0.2914071234	37.66925614	76 95 11
1528.007506	-23.77218643 2.27303022	1 0.5	2.047408961 1.453193541	0.2131673314 1.028328077	1.029128539 0.02353203671	-0.1870181177 0.04600995135	-0.03945657996 0.08556502609	49.35097306	99 96 3
1529.409313	-26.37960248 16.70358604	1 0.5	1 0	5.34644841e-05 1.045893015	1.033265652 0.02652368043	-0.03307414999 0.05347437711	-0.2250558309 0.1379476267	62.50029483	92 96 4
1530.679725	8.619467686 20.29906304	1 0.5	1 2	-0.1282986107 0.9858389633	1.003984978 0.02493254603	-0.116742593 0.05035103678	-0.01830257695 0.1425731302	53.01749899	94 96 5
1531.965783	0.5434987846 2.565010716	1 0.5	1.78801092 1.086589266	0.08656006781 1.036508139	1.005540431 0.02388820309	-0.08678616825 0.0433365936	0.1272272975 0.156917565	43.50840434	100 96 6
1533.115328	-21.00281433 1.627031968	1 0.5	1 2	0.06590044767 1.031194056	1.02479594 0.02616846659	0.05158505587 0.04828367771	-0.1351439118 0.1647097266	36.94997586	86 96 7
1534.352794	-1.848232171 2.500070198	1.357111777 0.5	2.40199202 1.736779764	0.005243398948 0.920520425	1.004931581 0.0255573635	-0.04111443364 0.05254701951	0.1944308436 0.1839972876	32.25967146	94 96 8
1535.507497	-48.63116076 24.36234669	1.452655089 0.5	2.517306477 1.546507764	-0.1159717125 0.8987620273	1.025985647 0.02655138727	-0.07387449799 0.05405282862	0.006294113649 0.1923375754	45.06383681	100 96 9
1536.592851	75.16316865 33.18360256	1 0.5	1 2	0.1282477951 1.007055289	0.9885740735 0.02943160846	0.01863861601 0.06374457181	0.2292758169 0.224422063	47.51476193	100 96 10
1537.620557	-14.6359763 1.035561928	1 0.5	1.790177957 1.37744597	-0.1302413076 0.9918856059	1.060572891 0.02663119263	-0.0600710495 0.05822025014	-0.6608516133 0.2258837703	76.81414761	91 96 11
1512.244912	35.41669732 18.48454159	1 0.5	1 0	0.03701243351 0.98403126	1.030879367 0.02896095253	-0.005129553069 0.05017595104	-0.0553878539 0.1422586704	36.52609828	95 97 3
1513.583941	-22.94015474 3.311898061	1 0.5	1.434300984 0.4191917781	0.05470691393 0.9639749603	1.102772682 0.03149702268	-0.0739480598 0.03372019816	-0.4233694252 0.1493200529	55.61339707	90 97 4
1514.903184	-21.1737608 1.396654904	1 0.5	1 0.03027037227	0.07072235551 1.05275622	1.032592629 0.02953369621	-0.07840780739 0.03676611418	-0.2066022476 0.1656029099	52.07892318	87 97 5
1516.142	1.783482555 2.07281878	1 0.5	1.103103852 0.3031130087	-0.1397866125 0.8879695495	0.9864566105 0.02180502679	0.05888751279 0.04358368081	0.3127784923 0.1079942672	45.53243547	96 97 6
1517.369811	-22.96966175 4.223759449	1 0.5	1.339031529 0.2784322611	-0.06593053159 0.7672282123	1.063756748 0.02335794218	-0.1381141827 0.04601755002	0.06678079158 0.1671329618	37.26821535	93 97 7
1518.518432	-25.72789667 2.57552212	1 0.5	1 0.06936159029	0.3319118296 0.9560530517	1.026267226 0.02403003124	0.02115824136 0.03850199172	-0.231875065 0.1469908091	73.88791912	86 97 8
1519.672694	2.348875532 2.771428771	1 0.5	1 0.03418680628	-0.03456821127 0.9789964085	1.024795584 0.02216416477	-0.0008027245323 0.03407716347	-0.06455167785 0.1488903646	30.03587968	99 97 9
1520.74764	-66.76086735 20.88969276	1 0.5	1.083118777 0.2033011111	0.0002056275612 0.9971532757	1.011870781 0.02026139037	0.008366654222 0.06885572618	-0.2292695339 0.1107086229	55.47650104	101 97 10
1521.774761	-12.45633829 23.95051597	1 0.5	1 0	-0.005677690036 0.9644470324	0.9983613873 0.02967855803	0.06163163815 0.0533213458	0.1141642519 0.2730027689	38.48831509	95 97 11
1522.753782	2.696146064 15.17280185	1.049046216 0.5	3.065002035 1.575001734	0.05243504837 0.9959703831	0.9758128699 0.02282897383	0.1020788241 0.04851355534	0.3836017108 0.1598013751	54.02850105	97 97 12
1498.179305	13.72974717 11.32400738	1 0.5	1.286217053 0.2336694274	-0.02030133221 0.9010097099	1.022189022 0.03731510451	-0.0532777876 0.04463855387	0.01810648527 0.145633509	45.98997174	86 98 4
1499.425423	-11.87271895 1.702164751	1.113558423 0.5	1.301048352 0.2667745893	0.1311223961 0.6086583246	1.057335202 0.02029326686	-0.1048224182 0.01828140626	-0.0787259285 0.05979225553	72.14782888	91 98 5
1500.686913	-17.93061863 1.870989539	1 0.5	1.276964629 0.360859858	-0.05631458262 1.081456395	1.057407283 0.02343672408	0.004558212632 0.05107856886	-0.1648487372 0.1234790986	90.52277512	94 98 6
1501.923978	-23.52126096 1.227569019	1 0.5	1 0.09777299172	-0.1042182429 0.9561843851	0.9891615601 0.02682945448	-0.04328933694 0.04504896456	0.1523974384 0.1695928171	83.24637356	95 98 7
1503.091409	-2.861661588 6.707164032	1 0.5	1 0.5815991716	-0.6755802491 1.080125403	1.073018215 0.04358301172	-0.0567016143 0.06236133892	-0.1274007986 0.2316479338	64.75850832	77 98 8
1504.191268	-12.4730914 5.731398949	1 0.5	1.083811047 0.1721421668	-0.1026299195 0.9539012083	1.071949961 0.03472693623	-0.07968931605 0.05754542329	-0.3937500565 0.2015200901	33.97612959	82 98 9
1505.177462	-24.340674 5.113163698	1 0.5	1.68658184 0.4832282934	-0.9819436779 0.5917152381	1.069721395 0.03009588701	-0.2071997097 0.1396017068	0.3044555486 0.3014308283	130.1072362	69 98 10
1506.187729	0.2188052235 2.689388689	1 0.5	1.197149513 0.2576443655	0.2410735336 0.9561290129	1.0165652 0.02314364776	-0.04511315484 0.05220380843	-0.2798044498 0.1211722028	71.04007564	88 98 11
1507.282577	1.369653344 1.421074638	1 0.5	1.125344936 0.4201503359	-0.1782223626 0.8652977474	0.9975764189 0.02597396814	-0.1949941786 0.06665570802	0.7457073047 0.2381328765	90.63384423	81 98 12
1508.076174	-0.4696360216 2.956573352	1 0.5	1 0.1365935349	0.2461822106 0.9403253958	1.041902003 0.02924933256	-0.01569333186 0.08679454416	-0.3926944663 0.3492049472	147.2255263	82 98 13
1485.476749	1.200924844 7.873635897	1 0.5	1 0.06668572242	0.05523666808 1.018226809	0.9652008026 0.02298649868	-0.04434116719 0.05434691215	0.4820102199 0.1376254978	53.31670677	79 99 6
1486.649496	-0.7357197984 4.896417926	1 0.5	1.281107848 0.1622763445	0.036707034 0.8210621103	1.15295093 0.05363332166	-0.03820565533 0.05772909104	-0.1918221423 0.1939979387	21.99529311	59 99 7
1487.799217	0.4787676838 1.714195652	1 0.5	1 0.03429414238	-0.1262632665 1.062197132	1.094164919 0.04007499315	0.004483646751 0.08397824625	-0.1787681849 0.2620562214	46.1877729	75 99 8
1489.04251	-19.80049032 2.5251712	1 0.5	1 0.02509989239	-0.02218171816 0.9334557774	1.000616059 0.03567077427	-0.01778394493 0.0877696749	0.2294734646 0.2349319458	53.88462732	79 99 9
1490.074513	-21.80325167 12.28192252	1 0.5	1.081542005 0.2057647087	-0.08318118876 0.9514623551	1.02104864 0.04054570744	-0.1017403799 0.1217474183	0.03160948279 0.2745142269	53.80291634	87 99 10
1458.337877	1.849403385 3.689254154	1.420086288 0.5	1 0	0.02418990142 1.051995674	0.9659267351 0.02868659038	-0.0965498203 0.065250674	0.4163169372 0.2194261706	45.70039997	92 101 8
